ind	a00001151_105453	a00001795_101025	a00002911_27399	a00002963_19883	a00003814_72402	a00007680_38992	a00008388_38342	a00013094_8680	a00013963_3922	a00013993_51517	a00015203_22075	a00015810_22304	a00018153_26147	a00020346_48250	a00020473_65614	a00021794_4492	a00030235_46980	a00031071_37826	a00031272_48711	a00034998_11122	a00036297_49597	a00040488_52165	a00041846_38440	a00043719_30255	a00045562_26628	a00047210_26089	a00050479_21169	a00052516_22358	a00054117_20412	a00054184_3084	a00055837_37299	a00059304_15194	a00060937_26028	a00063382_13233	a00063801_5298	a00064811_27192	a00067646_3892	a00069158_2571	a00071018_6126	a00071049_6235	a00075376_31911	a00077522_23410	a00078567_20066	a00081462_19899	a00082052_27979	a00085904_7598	a00087283_35345	a00090069_25394	a00096674_6090	a00100766_4329	a00102759_14882	a00103924_8234	a00106878_5807	a00108590_5633	a00109814_5074	a00119440_5278	a00120809_12849	a00123112_2714	a00132345_23501	a00133194_13505	a00137831_18975	a00146340_23909	a00150416_661	a00155697_15407	a00157499_3419	a00160684_3089	a00161543_9085	a00161986_20138	a00170740_10829	a00175463_12566	a00179214_8144	a00181026_3325	a00186444_955	a00189742_14048	a00191698_16865	a00197898_2244	a00198233_11563	a00200449_2676	a00202695_10416	a00219286_9054	a00225509_2830	a00234411_13137	a00236944_1923	a00238232_12078	a00240581_8833	a00240873_13157	a00240999_12825	a00248048_6635	a00251520_9783	a00252992_5737	a00255117_6348	a00273547_1562	a00292324_2920	a00314534_8683	a00325926_6683	a00326816_8574	a00328710_9618	a00337369_8082	a00516315_2251	a00596278_1489
01_2019_2246	1	1	1	1	1	1	1	1	1	1	1	1	1	1	1	1	1	1	1	1	1	1	1	1	1	1	1	1	1	1	1	1	1	1	1	1	1	1	1	1	1	1	1	1	1	1	1	1	1	1	1	1	1	1	1	1	1	1	1	1	1	1	1	-9	1	1	1	1	1	1	1	1	1	1	1	1	1	1	1	1	1	1	1	1	1	1	1	1	1	1	1	1	1	1	1	1	1	1	1	1
01_2019_2246	1	1	2	2	1	1	1	2	1	1	1	1	2	1	1	1	1	1	2	1	1	1	1	1	2	1	1	1	1	2	1	1	1	1	1	1	1	1	1	1	1	2	2	1	1	1	1	1	1	1	2	1	2	2	1	2	1	2	1	1	1	1	1	-9	1	1	1	2	2	1	1	1	2	2	2	1	2	1	1	1	1	1	2	1	1	1	1	2	1	2	1	1	1	1	1	2	1	2	1	2
01_2019_2247	-9	1	2	1	1	1	1	1	1	1	1	1	1	1	1	1	1	1	1	1	1	1	1	1	2	1	2	1	1	1	-9	1	1	1	1	2	1	1	1	1	1	1	2	1	1	1	1	1	1	1	1	1	2	1	1	2	1	1	1	1	1	1	1	-9	1	1	1	1	1	1	1	1	2	2	1	1	1	1	1	1	1	1	2	1	1	1	1	1	1	1	1	1	1	1	1	1	1	1	1	1
01_2019_2247	-9	1	2	2	1	1	1	2	1	1	1	1	1	1	1	1	1	1	1	1	1	1	1	1	2	1	2	1	1	2	-9	1	1	1	1	2	1	2	1	1	1	2	2	1	1	1	1	1	1	1	1	1	2	2	1	2	1	2	1	1	1	1	1	-9	1	1	1	2	1	1	1	1	2	2	2	1	1	1	1	1	1	1	2	1	1	1	1	1	1	2	1	1	1	1	1	2	1	1	1	1
01_2019_2248	1	1	2	1	1	1	1	1	1	1	1	1	1	1	1	1	-9	1	1	1	1	1	-9	1	1	1	1	1	1	2	-9	1	1	1	1	2	1	-9	1	1	1	2	1	1	1	1	1	1	1	1	2	1	1	1	1	1	1	2	1	1	1	1	1	-9	1	1	1	1	1	1	1	1	1	1	1	1	1	1	1	1	1	1	2	1	1	1	1	1	1	2	1	1	1	1	1	1	1	1	1	1
01_2019_2248	1	1	2	1	1	1	1	1	1	1	1	1	2	1	1	1	-9	1	2	1	1	1	-9	1	2	1	1	1	1	2	-9	1	1	1	1	2	1	-9	1	1	1	2	2	1	1	1	1	1	1	1	2	1	2	2	1	2	1	2	1	1	1	1	1	-9	1	1	1	2	2	1	1	1	2	2	2	1	2	1	1	1	1	1	2	1	1	1	1	1	1	2	1	1	1	1	1	2	1	2	1	1
01_2019_2249	1	1	1	2	1	1	1	1	1	1	1	1	1	1	-9	1	-9	1	1	1	1	1	1	1	1	1	1	1	1	1	-9	1	1	1	1	1	1	1	1	1	1	2	1	1	1	1	1	1	1	1	1	1	1	1	1	1	1	1	1	1	1	1	1	-9	1	1	1	1	1	1	1	1	1	1	1	1	1	1	1	1	1	1	2	1	1	1	1	1	1	1	1	1	1	1	1	2	1	1	1	1
01_2019_2249	1	1	2	2	1	1	1	1	1	1	1	1	1	1	-9	1	-9	1	2	1	1	1	1	1	1	1	1	1	1	2	-9	1	1	1	1	1	1	1	1	1	1	2	1	1	1	1	1	1	1	1	2	1	2	2	1	1	1	2	1	1	1	1	1	-9	1	1	1	1	1	1	1	1	2	2	2	1	2	1	1	1	1	1	2	1	1	1	1	1	1	2	1	1	1	1	1	2	1	2	1	1
01_2019_2250	1	1	2	1	1	1	1	2	-9	1	1	1	2	1	-9	1	1	1	1	1	1	1	1	1	1	1	1	1	1	1	-9	1	1	1	1	1	1	1	1	1	1	2	1	1	1	1	2	1	1	1	2	1	1	1	1	1	1	1	1	1	1	1	1	-9	1	1	1	1	2	1	1	1	1	1	2	1	1	1	1	1	1	1	1	1	1	1	1	1	1	1	1	1	1	1	1	1	1	1	2	1
01_2019_2250	1	1	2	2	1	1	1	2	-9	1	1	1	2	1	-9	1	1	1	1	1	1	1	1	1	2	1	1	1	1	1	-9	1	1	1	1	1	1	2	1	1	1	2	1	1	1	1	2	1	1	1	2	1	2	2	1	2	1	2	1	1	1	1	1	-9	1	1	1	2	2	1	1	1	2	2	2	1	2	1	1	1	1	1	2	1	1	1	1	2	1	1	1	1	1	1	1	2	1	2	2	2
01_2019_2251	1	1	1	2	1	1	1	2	1	1	1	1	2	1	1	1	1	1	1	1	1	1	-9	1	1	1	1	-9	1	1	1	1	1	1	1	-9	1	1	1	1	1	1	1	1	1	1	2	1	1	1	1	1	1	1	1	1	1	1	1	1	1	1	1	-9	1	1	1	1	1	1	1	1	1	1	1	1	1	1	1	1	1	1	1	1	1	1	1	2	1	1	1	1	1	1	1	2	1	2	1	2
01_2019_2251	1	1	2	2	1	1	1	2	1	1	1	1	2	1	1	1	1	1	2	1	1	1	-9	1	2	1	1	-9	1	1	1	1	1	1	1	-9	1	2	1	1	1	2	2	1	1	1	2	1	1	1	1	1	1	1	1	2	1	1	1	1	1	1	1	-9	1	1	1	2	2	1	1	1	2	2	1	1	2	1	1	1	1	1	2	1	1	1	1	2	1	2	1	1	1	1	1	2	1	2	1	2
01_2019_2252	1	1	1	1	1	1	1	1	1	1	1	1	1	1	1	1	-9	1	1	1	1	1	1	1	1	1	1	1	1	1	1	1	1	1	1	1	1	1	1	1	1	1	2	1	1	1	1	1	1	1	1	1	1	1	1	1	1	2	1	1	1	1	1	-9	1	1	1	1	1	1	1	1	1	2	1	1	1	1	1	1	1	1	1	1	1	1	1	2	1	1	1	1	1	1	1	1	1	1	2	2
01_2019_2252	1	1	1	1	1	1	1	2	1	1	1	1	2	1	1	1	-9	1	2	1	1	1	1	1	1	1	1	1	1	1	1	1	1	1	1	1	1	2	1	1	1	2	2	1	1	1	1	1	1	1	2	1	1	2	1	1	1	2	1	1	1	1	1	-9	1	1	1	2	2	1	1	1	2	2	2	1	1	1	1	1	1	1	2	1	1	1	1	2	1	2	1	1	1	1	1	2	1	2	2	2
01_2019_2253	1	1	2	1	1	1	1	1	1	1	1	1	1	1	-9	1	-9	1	1	1	1	1	1	1	1	1	1	1	1	2	-9	1	1	1	1	2	1	1	1	1	1	1	2	1	1	1	1	1	1	1	1	1	1	1	1	1	1	2	1	1	1	1	1	-9	1	1	1	1	1	1	1	1	2	2	1	1	1	1	1	1	1	-9	1	1	1	1	1	2	1	1	1	1	1	1	1	1	1	1	-9	2
01_2019_2253	1	1	2	2	1	1	1	1	1	1	1	1	2	1	-9	1	-9	1	2	1	1	1	1	1	2	1	1	1	1	2	-9	1	1	1	1	2	1	1	1	1	1	2	2	1	1	1	1	1	1	1	1	1	2	2	1	2	1	2	1	1	1	1	1	-9	1	1	1	2	2	1	1	1	2	2	1	1	1	1	1	1	1	-9	2	1	1	1	1	2	1	1	1	1	1	1	1	2	1	2	-9	2
01_2019_2254	1	1	1	2	1	1	1	1	1	1	1	1	1	1	1	1	1	1	1	1	1	1	-9	1	1	1	1	1	1	1	-9	1	1	1	1	1	1	-9	1	1	1	1	1	1	1	1	-9	1	1	1	1	1	2	1	1	1	1	1	1	1	1	1	1	-9	1	1	1	1	2	1	1	1	1	1	1	1	2	1	1	1	1	-9	1	1	1	1	1	1	1	1	1	1	1	1	1	2	1	1	2	1
01_2019_2254	1	1	1	2	1	1	1	2	1	1	1	1	2	1	1	1	1	1	2	1	1	1	-9	1	2	1	1	1	1	2	-9	1	1	1	1	1	1	-9	1	1	1	1	1	1	1	1	-9	1	1	1	2	1	2	2	1	2	1	2	1	1	1	1	1	-9	1	1	1	2	2	1	1	1	1	1	1	1	2	1	1	1	1	-9	1	1	1	1	1	2	1	2	1	1	1	1	1	2	1	2	2	2
01_2019_2255	-9	1	1	2	1	1	1	1	1	1	1	1	1	1	-9	1	1	1	1	1	1	1	-9	1	1	1	1	1	1	1	-9	1	1	1	1	2	1	1	1	1	1	2	1	1	1	1	1	1	1	1	1	1	1	1	1	1	1	2	1	1	1	1	1	-9	1	1	1	1	1	1	1	1	2	2	1	1	1	1	1	1	1	1	2	1	1	1	1	1	1	1	1	1	1	1	1	1	1	2	1	1
01_2019_2255	-9	1	1	2	1	1	1	2	1	1	1	1	2	1	-9	1	1	1	2	1	1	1	-9	1	2	1	1	1	1	2	-9	1	1	1	1	2	1	1	1	1	1	2	2	1	1	1	1	1	1	1	2	1	2	2	1	2	1	2	1	1	1	1	1	-9	1	1	1	1	1	1	1	1	2	2	1	1	1	1	1	1	1	1	2	1	1	1	1	2	1	2	1	1	1	1	1	1	1	2	1	2
01_2019_2256	-9	1	2	1	1	1	1	1	1	1	1	1	1	1	1	1	-9	1	1	1	1	1	-9	1	1	1	2	1	1	1	-9	1	1	1	1	2	1	1	1	1	1	2	1	1	1	1	1	1	1	1	1	1	2	1	1	1	1	1	1	1	1	1	1	-9	1	1	1	1	1	1	1	1	2	1	1	1	1	1	1	1	1	1	1	1	1	1	1	2	1	1	1	1	1	1	1	1	1	1	2	2
01_2019_2256	-9	1	2	2	1	1	1	1	1	1	1	1	1	1	1	1	-9	1	2	1	1	1	-9	1	1	1	2	1	1	2	-9	1	1	1	1	2	1	1	1	1	1	2	1	1	1	1	1	1	1	1	1	1	2	2	1	2	1	2	1	1	1	1	1	-9	1	1	1	2	2	1	1	1	2	2	2	1	2	1	1	1	1	1	2	1	1	1	1	2	1	1	1	1	1	1	1	1	1	2	2	2
01_2019_2257	-9	1	1	2	1	1	1	2	1	1	1	1	1	1	1	1	1	1	1	1	1	1	1	1	2	1	2	1	1	2	1	1	1	1	1	2	1	1	1	1	1	2	1	1	1	1	2	1	1	1	1	1	2	1	1	1	1	1	1	1	1	1	1	-9	1	1	1	1	1	1	1	1	2	2	1	1	1	1	1	1	1	1	2	1	1	1	1	1	1	1	1	1	1	1	1	2	1	1	1	1
01_2019_2257	-9	1	2	2	1	1	1	2	1	1	1	1	1	1	1	1	1	1	2	1	1	1	1	1	2	1	2	1	1	2	1	1	1	1	1	2	1	1	1	1	1	2	2	1	1	1	2	1	1	1	1	1	2	2	1	2	1	2	1	1	1	1	1	-9	1	1	1	2	2	1	1	1	2	2	1	1	1	1	1	1	1	1	2	1	1	1	1	2	1	2	1	1	1	1	1	2	1	2	1	2
01_2019_2258	1	1	1	2	1	2	1	1	1	1	1	1	1	1	1	1	2	2	1	1	1	1	1	1	1	1	1	1	1	1	1	2	1	1	1	2	1	1	2	1	1	2	1	2	1	2	1	1	1	1	2	2	1	1	1	2	1	1	1	2	1	1	1	1	1	1	1	1	1	1	2	2	1	1	1	1	1	1	1	1	1	2	1	1	1	1	1	1	1	2	1	1	1	1	1	1	1	1	1	1
01_2019_2258	1	1	2	2	1	2	1	1	1	2	1	1	2	1	2	1	2	2	2	1	1	1	1	1	1	1	1	2	2	1	1	2	1	1	1	2	1	2	2	1	1	2	1	2	2	2	1	1	1	1	2	2	1	2	2	2	1	1	2	2	1	1	2	2	1	2	2	2	2	2	2	2	1	1	1	1	1	2	1	2	2	2	1	2	1	1	1	2	2	2	1	1	1	1	2	1	2	2	2	2
01_2019_2260	1	1	1	2	1	2	-9	1	1	1	1	1	1	1	1	-9	-9	2	1	1	1	1	1	1	1	1	1	1	1	1	1	2	1	2	1	2	1	1	2	1	1	2	1	2	1	2	1	1	1	1	2	2	1	2	1	2	1	1	1	2	1	1	1	2	1	1	2	1	1	1	2	2	1	1	1	1	1	1	1	1	1	2	1	1	1	1	1	1	1	2	1	1	1	1	1	1	1	1	1	2
01_2019_2260	1	1	1	2	1	2	-9	1	1	2	1	1	1	1	2	-9	-9	2	2	1	1	1	1	1	1	1	1	1	1	1	1	2	1	2	1	2	1	2	2	1	1	2	1	2	2	2	1	1	1	1	2	2	1	2	2	2	1	1	2	2	1	1	2	2	1	1	2	2	2	2	2	2	1	1	1	1	1	2	1	2	2	2	1	2	1	1	1	1	2	2	1	1	1	1	1	1	2	2	1	2
01_2019_2261	1	1	1	2	1	2	1	1	1	1	1	-9	1	1	1	1	2	2	1	1	1	1	1	1	1	1	1	1	1	1	1	2	1	2	1	2	1	1	2	1	1	2	1	2	1	2	1	1	1	1	2	2	1	1	1	2	-9	1	1	2	1	1	1	1	1	1	1	1	1	1	2	2	1	1	1	1	1	1	1	1	2	2	1	2	1	1	1	1	1	2	1	1	1	1	1	1	1	1	2	1
01_2019_2261	1	1	2	2	1	2	1	1	1	2	1	-9	2	1	2	1	2	2	2	1	1	1	1	1	1	1	1	2	2	1	1	2	1	2	1	2	1	1	2	1	1	2	1	2	2	2	1	1	1	1	2	2	1	2	2	2	-9	1	2	2	1	1	1	2	1	2	2	2	1	1	2	2	1	1	1	1	1	1	1	2	2	2	1	2	1	1	1	2	1	2	1	1	1	1	2	1	1	1	2	2
01_2019_2265	-9	1	1	1	1	1	2	2	1	1	2	2	1	1	1	1	2	1	2	1	1	2	1	1	1	1	1	1	1	1	2	1	1	1	2	2	1	1	1	1	2	1	2	1	1	1	2	1	1	2	2	2	1	1	2	1	1	1	1	2	1	1	1	1	2	1	1	1	1	1	1	1	1	1	2	1	1	2	1	2	1	-9	1	1	1	1	1	1	1	1	1	1	1	2	1	1	2	1	2	2
01_2019_2265	-9	2	2	2	2	2	2	2	1	2	2	2	2	1	1	1	2	1	2	1	2	2	1	2	2	2	1	1	2	1	2	2	1	2	2	2	1	2	1	1	2	1	2	1	1	1	2	1	2	2	2	2	1	1	2	2	2	2	1	2	1	1	1	1	2	1	2	1	2	1	2	2	2	2	2	2	2	2	2	2	2	-9	2	1	1	1	1	2	2	1	1	2	1	2	1	2	2	1	2	2
01_2019_2267	-9	1	2	1	1	1	2	2	1	1	2	2	1	1	1	1	2	1	2	1	1	2	1	1	2	1	1	1	1	1	2	1	1	1	2	2	1	1	1	1	2	1	2	1	1	1	2	1	1	2	2	-9	1	1	2	2	2	1	1	2	1	1	1	1	2	1	1	1	1	1	1	1	1	2	2	1	2	2	1	2	1	-9	1	1	1	1	1	2	1	1	1	1	1	2	1	2	2	1	2	2
01_2019_2267	-9	2	2	2	2	2	2	2	1	2	2	2	2	1	1	1	2	1	2	1	2	2	1	1	2	2	1	1	2	1	2	2	1	2	2	2	1	2	1	1	2	1	2	1	1	1	2	1	1	2	2	-9	1	1	2	2	2	1	1	2	1	1	1	1	2	1	2	1	1	1	1	1	2	2	2	1	2	2	2	2	1	-9	2	1	1	1	1	2	1	1	1	2	1	2	1	2	2	1	2	2
01_2019_2268	-9	2	2	2	1	1	2	2	1	2	2	2	1	1	1	1	2	1	2	1	1	2	1	2	1	1	1	1	1	1	2	2	1	2	2	2	1	1	1	1	2	1	2	1	1	1	2	1	2	2	2	2	1	1	2	1	1	1	1	2	1	1	1	1	2	1	1	1	1	1	1	1	1	1	2	1	1	2	1	2	1	-9	1	1	1	1	1	2	2	1	1	1	1	2	1	1	2	1	2	2
01_2019_2268	-9	2	2	2	1	2	2	2	1	2	2	2	2	1	1	1	2	1	2	1	2	2	1	2	2	2	1	1	2	1	2	2	1	2	2	2	1	2	1	1	2	1	2	1	1	1	2	1	2	2	2	2	1	1	2	2	2	1	1	2	1	1	1	1	2	1	2	1	2	1	2	1	2	1	2	2	1	2	2	2	2	-9	2	1	1	1	1	2	2	1	1	2	1	2	1	2	2	1	2	2
01_2019_2215	1	2	2	1	1	2	1	1	2	2	1	1	1	1	1	1	1	1	1	1	2	1	1	2	1	1	1	1	1	1	1	1	1	1	1	2	1	1	1	1	1	1	1	1	2	1	2	1	1	1	1	2	1	2	1	1	1	1	1	2	2	1	1	2	1	1	1	1	2	1	1	2	2	1	1	1	2	1	1	2	2	1	1	1	1	1	1	2	1	1	1	1	1	1	1	1	1	1	2	1
01_2019_2215	2	2	2	2	2	2	1	2	2	2	2	1	1	1	1	2	2	2	1	2	2	2	2	2	1	1	1	1	2	1	1	1	1	2	2	2	2	2	2	2	2	1	1	1	2	2	2	1	1	2	2	2	2	2	1	2	2	1	2	2	2	1	1	2	1	2	2	1	2	1	2	2	2	1	1	1	2	2	1	2	2	1	1	1	1	1	2	2	1	2	2	2	1	2	2	2	1	2	2	2
01_2019_2212	1	2	2	2	1	2	-9	2	1	2	1	1	2	1	-9	2	1	2	1	1	1	1	1	1	1	1	1	2	2	2	1	2	1	2	2	2	1	1	2	1	1	2	1	1	1	2	2	2	1	1	1	2	1	1	1	1	2	1	1	1	1	1	1	2	1	1	1	1	2	2	2	1	2	1	1	1	1	1	1	1	2	-9	1	1	1	1	1	1	1	1	1	1	1	1	1	1	1	1	-9	1
01_2019_2212	2	2	2	2	1	2	-9	2	1	2	1	2	2	1	-9	2	2	2	2	1	1	1	1	1	1	1	1	2	2	2	1	2	1	2	2	2	1	2	2	1	1	2	2	1	1	2	2	2	1	1	2	2	1	1	1	1	2	1	1	2	1	1	1	2	1	1	1	1	2	2	2	2	2	2	1	1	1	1	1	1	2	-9	1	1	1	1	1	1	2	2	1	2	2	1	1	1	2	1	-9	1
01_2019_2213	1	2	2	1	2	2	1	1	2	2	1	1	1	1	1	1	1	1	1	2	2	2	1	2	1	1	1	1	2	1	1	1	1	1	1	2	1	1	1	1	1	1	1	1	2	1	2	1	1	1	1	2	1	2	1	1	1	1	1	2	2	1	1	2	1	1	2	1	2	1	1	2	2	1	1	1	2	2	1	2	2	1	1	1	1	1	1	2	1	1	2	1	1	1	2	2	1	1	2	1
01_2019_2213	1	2	2	2	2	2	1	2	2	2	2	1	1	1	1	2	2	2	1	2	2	2	1	2	1	1	1	1	2	1	1	1	1	2	2	2	2	1	2	1	2	1	1	1	2	2	2	1	1	2	2	2	2	2	1	2	2	1	2	2	2	1	1	2	1	2	2	1	2	1	2	2	2	1	1	1	2	2	1	2	2	1	1	1	1	1	1	2	1	2	2	1	1	1	2	2	1	2	2	2
01_2019_2214	1	2	2	1	1	-9	1	1	2	2	1	1	1	1	1	1	1	1	1	1	2	1	1	-9	1	1	1	-9	1	1	-9	1	1	1	1	2	1	1	1	2	1	1	1	1	-9	1	-9	-9	1	2	1	2	1	2	1	1	1	1	2	-9	2	1	1	2	1	1	2	1	2	1	1	2	2	1	1	-9	2	1	1	2	2	1	1	1	1	1	1	2	1	1	1	1	1	1	1	1	1	1	-9	1
01_2019_2214	1	2	2	2	1	-9	1	2	2	2	2	1	1	1	1	2	2	2	1	1	2	2	2	-9	1	1	1	-9	2	1	-9	1	1	1	2	2	2	2	2	2	2	1	1	1	-9	2	-9	-9	1	2	2	2	2	2	1	2	2	1	2	-9	2	1	1	2	1	1	2	1	2	1	2	2	2	1	1	-9	2	2	1	2	2	1	1	1	1	1	1	2	1	2	1	2	1	1	2	2	1	2	-9	1
01_2019_2205	1	1	2	1	1	2	1	1	1	2	1	1	1	1	1	2	1	1	1	1	1	1	1	1	1	1	1	1	2	2	1	1	1	1	2	2	1	1	2	1	1	2	1	1	1	1	1	2	1	1	1	2	1	1	1	1	2	1	1	1	1	1	1	2	1	1	1	1	1	2	2	1	1	1	1	1	1	1	1	1	2	1	1	1	1	1	1	1	1	1	1	1	1	1	1	1	1	1	2	1
01_2019_2205	1	2	2	2	2	2	1	2	1	2	2	2	2	2	1	2	2	2	2	1	1	1	1	1	1	1	1	2	2	2	1	2	1	2	2	2	1	2	2	1	1	2	2	1	2	2	1	2	1	1	2	2	1	2	2	1	2	2	1	2	1	1	2	2	1	1	1	1	2	2	2	2	2	2	1	1	1	2	1	1	2	1	1	1	1	1	1	1	2	2	1	2	2	1	1	1	2	1	2	2
01_2019_2204	2	2	2	2	1	-9	1	1	2	2	1	1	1	1	1	1	1	1	1	1	2	-9	2	-9	1	1	1	1	2	1	-9	1	1	1	1	2	1	1	-9	1	1	-9	1	1	1	1	-9	-9	1	1	1	-9	-9	2	1	1	1	1	1	1	2	1	1	2	1	1	1	1	2	1	2	2	2	1	1	1	2	1	1	2	-9	1	1	1	1	1	2	2	1	1	1	1	1	2	1	2	1	1	-9	1
01_2019_2204	2	2	2	2	2	-9	1	2	2	2	2	1	1	1	1	2	2	2	1	2	2	-9	2	-9	1	1	1	1	2	1	-9	1	1	2	2	2	2	1	-9	2	1	-9	1	1	2	2	-9	-9	1	2	2	-9	-9	2	2	1	2	1	1	2	2	1	1	2	1	2	2	1	2	1	2	2	2	1	1	1	2	2	1	2	-9	1	1	1	1	1	2	2	1	1	2	2	1	2	2	2	1	2	-9	2
01_2019_2206	1	1	2	1	2	2	1	1	1	2	1	1	1	1	1	2	1	1	1	1	1	1	1	1	1	1	1	1	2	2	-9	1	1	1	1	2	1	1	2	1	1	1	1	1	1	1	1	1	1	1	1	2	1	1	1	1	2	1	1	1	1	1	1	2	1	1	1	1	1	1	1	1	1	1	1	1	1	1	1	1	2	1	1	1	1	1	1	1	1	1	1	1	1	1	1	1	1	1	2	1
01_2019_2206	1	2	2	2	2	2	1	1	2	2	2	2	1	2	1	2	1	2	2	1	2	1	1	2	1	1	1	2	2	2	-9	1	1	2	2	2	2	1	2	2	2	2	2	1	2	2	1	1	1	1	1	2	1	2	2	2	2	1	2	2	2	1	2	2	1	2	1	1	2	2	2	2	2	2	1	1	1	2	1	2	2	1	1	1	1	1	2	2	1	2	2	2	1	1	1	2	1	1	2	2
01_2019_2207	1	2	2	1	1	-9	1	1	2	2	1	1	1	1	-9	1	1	1	1	1	2	1	-9	-9	1	1	1	1	2	-9	-9	1	1	1	2	-9	-9	1	-9	1	1	-9	1	1	1	1	-9	-9	1	1	1	2	1	2	1	2	2	1	-9	1	2	-9	1	-9	1	1	-9	-9	2	-9	2	1	2	1	1	-9	-9	1	1	2	-9	1	1	1	-9	1	1	2	1	1	1	1	1	-9	1	-9	1	1	-9	1
01_2019_2207	1	2	2	2	2	-9	1	2	2	2	2	1	1	1	-9	2	2	2	1	2	2	2	-9	-9	1	1	1	1	2	-9	-9	1	1	2	2	-9	-9	1	-9	2	1	-9	1	1	2	2	-9	-9	1	1	2	2	1	2	2	2	2	1	-9	2	2	-9	1	-9	1	2	-9	-9	2	-9	2	2	2	2	1	-9	-9	2	1	2	-9	1	1	1	-9	1	1	2	2	2	2	2	2	-9	2	-9	1	2	-9	1
01_2019_2208	1	2	2	1	1	-9	-9	2	2	2	1	1	1	1	1	1	1	1	1	2	2	-9	1	-9	-9	1	1	1	2	1	-9	1	-9	1	1	2	1	1	-9	-9	1	-9	1	1	1	1	2	-9	1	-9	1	2	-9	2	1	1	1	1	1	1	2	1	1	2	1	1	1	1	2	1	2	2	2	1	1	1	-9	2	1	2	2	1	1	1	1	1	1	2	1	1	2	1	1	1	1	1	1	1	-9	2
01_2019_2208	2	2	2	2	2	-9	-9	2	2	2	1	1	2	1	1	2	2	2	1	2	2	-9	1	-9	-9	1	1	1	2	1	-9	2	-9	2	1	2	2	2	-9	-9	1	-9	1	1	2	2	2	-9	1	-9	1	2	-9	2	2	2	2	1	2	2	2	1	1	2	1	2	2	1	2	1	2	2	2	1	1	1	-9	2	1	2	2	1	1	1	1	1	2	2	1	1	2	2	1	2	2	1	1	2	-9	2
01_2019_2209	1	2	2	1	1	2	1	2	2	2	2	1	1	1	1	1	1	1	1	1	2	2	1	2	1	1	1	1	1	1	1	1	1	1	2	2	1	1	1	1	1	1	1	1	2	1	2	1	1	2	2	2	1	2	1	1	2	1	2	2	2	1	1	2	1	1	1	1	2	1	1	2	2	1	1	1	2	2	1	2	2	1	1	1	1	1	1	2	1	1	1	1	1	2	2	1	1	1	2	2
01_2019_2209	1	2	2	2	2	2	1	2	2	2	2	1	1	1	1	1	2	2	1	2	2	-9	2	2	1	1	1	1	2	1	1	1	1	2	2	2	1	2	2	1	2	1	1	1	2	2	2	1	1	2	2	2	1	2	1	2	2	1	2	2	2	1	1	2	1	1	2	1	2	1	2	2	2	1	1	1	2	2	1	2	2	1	1	1	1	1	2	2	1	1	2	1	1	2	2	1	1	1	2	2
01_2019_2210	1	2	2	2	1	2	1	1	2	2	1	1	1	1	1	2	1	2	1	1	2	1	1	2	1	1	1	1	2	1	1	1	1	1	1	2	1	1	1	2	1	1	1	1	2	1	1	1	1	1	2	2	1	2	1	2	1	1	1	2	2	1	1	2	1	1	1	1	2	1	1	2	2	1	1	1	2	1	1	2	2	1	1	1	1	1	1	2	1	1	1	1	1	2	1	1	1	2	-9	1
01_2019_2210	2	2	2	2	2	2	1	1	2	2	1	1	1	1	1	2	2	2	1	2	2	2	2	2	1	1	1	1	2	1	1	1	1	2	1	2	2	2	2	2	2	1	1	1	2	2	1	1	1	2	2	2	2	2	1	2	2	1	2	2	2	1	1	2	1	2	2	1	2	1	2	2	2	1	1	1	2	1	1	2	2	1	1	1	1	1	2	2	1	2	2	1	1	2	2	2	1	2	-9	1
01_2019_2217	1	2	2	1	2	2	1	1	2	2	1	1	1	1	1	2	1	1	1	1	2	2	1	2	1	1	1	1	1	1	1	1	1	1	1	2	1	1	1	2	2	1	1	1	2	1	1	1	1	1	1	-9	1	2	1	1	2	1	2	2	2	1	1	-9	1	1	1	1	2	1	1	2	2	1	1	1	2	1	1	2	2	1	1	1	1	1	1	2	1	1	2	2	1	1	1	2	1	1	-9	2
01_2019_2217	2	2	2	2	2	2	1	2	2	2	2	1	1	1	1	2	2	2	1	1	2	2	2	2	1	1	1	1	2	1	1	1	1	2	2	2	1	2	2	2	2	1	1	1	2	2	1	1	1	2	1	-9	1	2	1	2	2	1	2	2	2	1	1	-9	1	2	2	1	2	1	1	2	2	1	1	1	2	2	1	2	2	1	1	1	1	1	2	2	1	1	2	2	1	1	2	2	1	2	-9	2
01_2019_2218	1	2	2	2	1	2	1	1	2	2	1	2	2	1	2	1	1	1	1	1	1	1	1	1	1	1	2	1	1	1	1	2	2	2	2	1	1	1	1	1	1	2	1	1	1	1	1	1	1	1	1	1	1	1	1	1	1	1	1	1	1	2	1	1	1	1	2	1	1	1	2	1	1	1	1	2	1	1	1	1	1	-9	1	1	1	1	1	1	1	2	2	1	1	1	1	2	1	1	2	1
01_2019_2218	1	2	2	2	1	2	2	2	2	2	2	2	2	2	2	2	2	2	2	2	1	1	1	1	1	2	2	1	1	1	1	2	2	2	2	2	1	1	1	1	1	2	2	1	1	1	1	1	1	2	2	1	1	2	1	2	2	2	1	2	1	2	2	2	1	2	2	2	2	1	2	1	2	1	1	2	2	2	1	1	1	-9	1	2	1	1	1	2	1	2	2	2	2	2	1	2	2	1	2	2
01_2019_2219	-9	2	1	2	1	1	1	1	2	1	1	1	2	1	1	1	2	1	1	1	1	1	-9	1	1	1	1	2	1	1	1	1	1	1	1	2	1	1	2	1	1	1	1	1	1	1	1	2	1	2	1	1	1	1	1	2	1	1	1	1	1	1	1	2	1	1	1	1	1	2	2	1	1	1	1	2	-9	2	2	2	2	2	1	1	1	1	1	1	1	1	1	1	1	1	1	1	1	1	2	1
01_2019_2219	-9	2	2	2	2	2	1	1	2	2	1	2	2	2	2	1	2	1	2	1	2	2	-9	1	2	1	1	2	1	1	1	2	1	2	1	2	1	1	2	2	1	1	1	1	1	2	1	2	1	2	2	1	2	2	2	2	2	2	1	2	1	1	2	2	1	2	1	2	1	2	2	2	1	1	1	2	-9	2	2	2	2	2	1	1	1	1	1	2	1	2	2	2	1	1	1	2	1	1	2	2
01_2019_2220	1	1	2	1	1	1	1	1	1	1	1	1	1	1	-9	1	1	1	1	1	1	1	1	1	1	1	1	1	1	2	-9	1	1	1	1	2	1	1	1	1	1	1	2	1	1	1	1	1	1	1	1	1	1	1	1	1	1	2	1	1	1	1	1	-9	1	1	1	1	1	1	1	1	2	2	1	1	1	1	1	1	1	-9	1	1	1	1	1	2	1	1	1	1	1	1	1	1	1	1	1	2
01_2019_2220	1	1	2	2	1	1	1	1	1	1	1	1	2	1	-9	1	1	1	2	1	1	1	1	1	2	1	1	1	1	2	-9	1	1	1	1	2	1	1	1	1	1	2	2	1	1	1	1	1	1	1	1	1	2	2	1	2	1	2	1	1	1	1	1	-9	1	1	1	2	2	1	1	1	2	2	1	1	1	1	1	1	1	-9	2	1	1	1	1	2	1	1	1	1	1	1	1	2	1	2	1	2
01_2019_2221	1	1	1	1	1	1	2	2	1	1	2	2	1	1	1	1	2	1	2	1	1	2	1	1	1	1	1	1	1	1	2	1	1	1	2	2	1	1	1	1	2	1	2	1	1	1	2	1	1	2	2	-9	1	1	2	1	1	1	1	2	1	1	1	1	2	1	1	1	1	1	1	1	1	2	2	1	1	2	1	2	1	-9	1	1	1	1	1	1	1	1	1	1	1	2	1	1	2	1	2	2
01_2019_2221	1	2	2	2	2	2	2	2	1	2	2	2	2	1	1	1	2	1	2	1	2	2	1	2	2	2	1	1	2	1	2	2	1	2	2	2	1	2	1	1	2	1	2	1	1	1	2	1	2	2	2	-9	1	1	2	2	2	2	1	2	1	1	1	2	2	1	2	1	2	1	2	2	2	-9	2	1	2	2	2	2	2	-9	2	1	1	1	1	2	2	1	1	2	1	2	1	2	2	1	2	2
01_2019_2222	1	2	2	1	1	2	1	1	2	2	2	1	1	1	-9	1	1	1	1	2	2	1	1	2	1	1	2	1	1	-9	1	1	1	2	2	2	1	1	1	1	1	1	1	1	2	1	1	1	1	1	1	2	1	2	1	1	1	1	1	2	2	1	1	2	1	1	1	1	2	1	2	2	2	1	1	1	-9	1	1	2	2	1	1	1	1	1	2	2	1	1	1	1	1	1	1	2	1	1	-9	2
01_2019_2222	2	2	2	2	2	2	1	1	2	2	2	1	1	1	-9	1	2	2	1	2	2	2	1	2	1	1	2	1	2	-9	1	1	1	2	2	2	2	2	2	1	1	1	1	1	2	1	1	1	1	2	2	2	2	2	1	2	2	1	2	2	2	1	1	2	1	2	1	1	2	1	2	2	2	1	1	1	-9	1	1	2	2	1	1	1	1	1	2	2	1	1	2	2	1	1	2	2	1	2	-9	2
01_2019_2223	2	2	2	1	1	2	1	2	2	2	1	1	1	1	1	2	1	2	1	1	2	-9	1	2	1	1	2	1	1	-9	1	1	1	1	1	2	2	1	-9	1	1	1	1	1	1	1	2	1	1	1	1	2	2	2	1	2	1	1	1	2	2	1	1	2	1	1	1	1	2	1	1	2	2	1	1	1	2	2	1	2	2	1	1	1	1	1	1	2	1	1	1	2	1	1	1	1	1	2	-9	1
01_2019_2223	2	2	2	2	2	2	1	2	2	2	2	1	1	1	1	2	2	2	1	2	2	-9	1	2	1	1	2	1	1	-9	1	1	1	2	1	2	2	2	-9	2	2	1	1	1	2	1	2	1	1	2	1	2	2	2	1	2	1	1	1	2	2	1	1	2	1	2	2	1	2	1	2	2	2	1	1	1	2	2	1	2	2	1	1	1	1	1	1	2	1	2	2	2	1	2	2	1	1	2	-9	2
01_2019_2224	2	2	2	1	1	2	1	1	2	2	2	1	1	1	1	1	1	1	1	1	2	1	2	2	1	1	1	1	2	-9	1	1	1	1	1	2	1	1	1	1	1	1	1	1	2	1	1	1	1	1	1	2	2	2	1	1	1	1	1	2	2	1	1	2	1	1	1	1	2	1	1	2	2	1	1	1	2	1	1	2	2	1	1	1	1	1	1	2	1	2	1	1	1	1	1	1	1	1	2	1
01_2019_2224	2	2	2	2	2	2	1	2	2	2	2	1	1	1	1	2	2	1	1	1	2	2	2	2	1	1	1	1	2	-9	1	1	1	2	2	2	2	2	1	1	2	1	1	1	2	2	1	1	1	2	1	2	2	2	1	1	1	1	1	2	2	1	1	2	1	2	1	1	2	1	2	2	2	1	1	1	2	2	1	2	2	1	1	1	1	1	2	2	1	2	2	2	1	2	2	2	1	2	2	2
01_2019_2225	2	2	2	1	1	2	1	1	2	2	1	1	1	1	-9	1	1	1	1	2	2	1	1	2	1	1	1	1	1	-9	1	1	1	1	1	2	1	1	2	1	1	1	1	1	2	1	-9	1	1	1	1	2	1	2	1	1	2	1	1	2	2	1	1	-9	1	2	1	1	2	1	1	2	2	1	1	1	-9	1	1	2	2	1	1	1	1	1	1	2	1	1	1	1	1	2	1	1	1	1	2	1
01_2019_2225	2	2	2	2	2	2	1	2	2	2	2	1	1	1	-9	2	2	2	1	2	2	2	2	2	1	1	1	1	2	-9	1	1	1	1	2	2	2	2	2	2	2	1	1	1	2	2	-9	1	1	1	2	2	1	2	1	2	2	1	2	2	2	1	1	-9	1	2	2	1	2	1	2	2	2	1	1	1	-9	2	1	2	2	1	1	1	1	1	2	2	1	1	2	1	1	2	2	1	1	1	2	1
01_2019_2226	1	2	2	2	1	2	2	2	1	2	1	2	2	1	2	2	1	1	1	1	1	1	1	1	1	2	2	1	1	1	1	2	1	2	2	1	1	1	1	1	1	2	1	1	1	1	1	1	1	1	1	1	1	1	1	1	2	2	1	2	1	-9	1	1	1	1	2	1	2	1	2	1	2	1	1	2	2	2	1	1	1	-9	1	1	1	1	1	1	1	2	2	1	1	1	1	2	1	1	2	2
01_2019_2226	1	2	2	2	1	2	2	2	1	2	2	2	2	2	2	2	2	2	1	2	1	1	1	1	1	2	2	1	1	1	1	2	1	2	2	2	1	1	1	1	1	2	2	1	1	1	1	1	1	2	1	1	1	2	1	2	2	2	1	2	1	-9	2	2	1	2	2	1	2	1	2	1	2	1	1	2	2	2	1	1	1	-9	1	1	1	1	1	1	1	2	2	2	2	1	1	2	2	1	2	2
01_2019_2227	1	1	1	2	2	1	1	1	1	1	1	1	1	1	1	1	2	1	1	1	1	1	1	1	1	1	1	1	1	2	2	1	1	2	1	1	1	1	1	1	2	1	1	1	1	1	1	1	1	1	2	2	1	1	1	1	1	1	1	1	1	1	1	2	1	1	1	1	1	1	1	1	1	1	1	1	1	1	1	2	2	1	1	1	1	1	1	1	2	1	2	2	1	1	1	1	1	1	2	2
01_2019_2227	1	2	2	2	2	2	1	1	1	2	1	2	2	1	2	1	2	2	2	1	2	1	2	2	1	1	1	1	1	2	2	1	1	2	2	2	1	2	1	1	2	1	1	1	1	1	1	1	1	2	2	2	1	2	1	2	2	2	1	2	1	1	2	2	2	1	1	1	2	1	2	2	2	1	1	1	2	1	1	2	2	1	1	1	1	1	1	2	2	2	2	2	2	2	1	2	1	2	2	2
01_2019_2228	1	1	1	2	1	1	1	1	1	1	1	1	1	1	1	1	1	1	1	1	1	1	1	1	1	1	1	1	1	1	1	1	1	1	1	1	1	1	1	1	1	1	1	1	1	1	1	1	1	1	1	1	2	1	1	1	1	1	1	1	1	1	1	2	1	1	1	1	2	1	1	1	1	1	1	1	2	1	1	1	1	-9	1	1	1	1	1	1	1	1	1	1	1	1	1	2	1	1	2	1
01_2019_2228	1	1	1	2	1	1	1	2	1	1	1	1	2	1	1	1	1	1	2	1	1	1	2	1	2	1	1	1	1	2	1	1	1	1	1	1	1	2	1	1	1	1	1	1	1	1	1	1	1	1	2	1	2	2	1	2	1	2	1	1	1	1	1	2	1	1	1	2	2	1	1	1	1	1	1	1	2	1	1	1	1	-9	1	1	1	1	1	2	1	2	1	1	1	1	1	2	1	2	2	2
01_2019_2230	1	2	2	2	1	2	2	2	1	2	1	2	2	1	2	2	-9	1	1	1	1	1	1	1	1	2	2	1	1	1	1	2	1	2	2	1	1	1	1	1	1	2	1	1	1	1	-9	1	1	1	1	1	1	1	1	1	2	2	1	2	1	-9	1	1	1	1	2	1	2	1	2	1	2	1	1	2	2	2	1	1	1	-9	1	1	1	1	1	1	1	2	2	1	1	1	1	2	1	1	-9	2
01_2019_2230	1	2	2	2	1	2	-9	2	1	2	2	2	2	2	2	2	-9	2	1	2	1	1	1	1	1	2	2	1	1	1	1	2	1	2	2	2	1	1	1	1	1	2	2	1	1	1	-9	1	1	2	1	1	1	2	1	2	2	2	1	2	1	-9	2	2	1	2	2	1	2	1	2	1	2	1	1	2	2	2	1	1	1	-9	1	1	1	1	1	1	1	2	2	2	2	1	1	2	2	1	-9	2
01_2019_2231	1	2	1	2	1	1	1	1	1	1	1	1	1	1	2	1	-9	1	1	1	1	1	1	1	1	1	1	1	1	1	1	1	1	1	1	1	1	1	1	1	1	1	1	1	1	1	1	2	1	1	1	1	1	2	1	1	2	2	1	1	1	-9	1	2	1	1	1	1	1	1	2	1	1	1	1	1	1	1	1	1	1	-9	1	1	1	1	1	1	1	1	2	1	1	1	2	1	2	1	2	2
01_2019_2231	1	2	2	2	1	2	2	2	1	2	1	2	2	1	2	1	-9	1	2	1	2	1	2	1	1	2	1	1	1	1	1	2	1	2	2	2	1	1	1	1	1	2	2	1	2	1	1	2	2	2	2	1	1	2	1	2	2	2	2	2	1	-9	2	2	1	1	2	2	2	2	2	1	2	1	1	2	2	2	1	2	2	-9	1	1	1	1	1	2	2	2	2	1	2	2	2	2	2	2	2	2
01_2019_2232	1	2	1	1	1	1	1	1	2	2	1	1	1	1	2	1	2	1	1	1	1	1	1	1	1	1	1	1	1	1	1	1	2	2	1	2	1	1	1	1	1	2	1	1	1	1	1	-9	1	1	1	1	1	2	1	1	1	1	1	2	1	2	2	2	1	2	1	1	1	1	2	1	2	1	1	1	1	1	1	1	1	-9	1	1	1	1	1	1	1	2	2	1	1	1	1	2	2	1	2	2
01_2019_2232	1	2	2	2	1	2	1	1	2	2	1	2	2	1	2	1	2	2	1	2	1	1	2	1	1	1	1	1	1	1	1	2	2	2	2	2	1	1	2	1	1	2	2	1	2	1	1	-9	1	1	2	1	1	2	1	1	2	2	2	2	1	2	2	2	1	2	2	2	2	2	2	1	2	1	1	2	2	1	1	2	1	-9	1	1	2	1	2	2	1	2	2	2	2	2	2	2	2	2	2	2
01_2019_2186	1	1	1	2	2	2	1	1	1	1	1	1	1	1	1	1	2	2	2	1	1	1	1	2	1	1	2	1	2	1	2	1	2	1	1	1	1	1	1	1	1	1	1	1	1	1	1	1	1	1	2	1	1	2	1	1	1	2	1	1	1	1	1	2	1	1	1	1	1	1	2	1	1	1	1	1	2	1	1	1	2	1	1	1	2	1	2	1	1	2	2	1	1	2	1	1	1	1	2	2
01_2019_2186	1	2	1	2	2	2	1	1	1	1	2	2	2	2	1	2	2	2	2	2	1	1	-9	2	2	2	2	1	2	1	2	1	2	2	2	2	1	1	2	2	2	1	2	1	2	2	1	1	1	2	2	2	1	2	2	1	2	2	2	1	2	1	2	2	1	1	2	1	2	2	2	2	1	1	1	2	2	1	2	2	2	1	1	1	2	2	2	2	2	2	2	2	2	2	1	2	1	2	2	2
01_2019_2187	1	1	1	2	2	2	-9	1	1	1	2	1	1	2	1	1	2	2	2	1	1	1	1	2	1	1	2	1	2	1	2	1	2	1	1	1	1	1	1	1	1	1	1	1	1	1	1	1	1	1	2	1	1	2	2	1	1	2	1	1	2	1	1	2	1	1	1	1	1	1	2	2	1	1	1	1	2	1	2	1	2	-9	1	1	2	2	2	1	1	2	2	1	1	2	1	2	1	1	2	2
01_2019_2187	1	2	1	2	2	2	-9	1	1	1	2	2	2	2	1	1	2	2	2	2	1	1	1	2	1	2	2	1	2	1	2	1	2	2	2	1	1	1	1	1	1	1	2	1	2	2	1	1	1	2	2	2	1	2	2	1	1	2	2	1	2	1	2	2	1	1	2	1	2	2	2	2	1	1	1	2	2	1	2	1	2	-9	1	1	2	2	2	2	2	2	2	2	2	2	1	2	1	2	2	2
01_2019_2188	1	2	1	2	2	1	1	1	1	1	1	1	1	1	1	1	2	2	1	1	1	1	1	2	1	2	2	1	2	1	-9	1	1	1	1	1	1	1	1	1	1	1	1	1	1	2	1	-9	1	1	2	1	1	1	1	1	1	1	1	1	1	2	1	2	1	1	2	1	1	2	2	1	1	1	1	1	2	1	1	2	2	1	1	1	1	1	1	2	1	1	2	1	1	2	1	1	1	1	2	2
01_2019_2188	1	2	2	2	2	2	1	2	1	2	1	2	2	2	1	1	2	2	2	2	2	2	1	2	2	2	2	1	2	1	-9	2	1	2	1	2	1	1	1	2	2	2	2	1	2	2	1	-9	1	2	2	2	1	2	1	1	2	2	2	2	2	2	2	2	1	1	2	2	2	2	2	2	1	1	1	2	2	2	2	2	2	1	2	1	2	2	2	2	2	2	2	2	1	2	1	1	1	1	2	2
01_2019_2189	1	1	1	2	2	2	1	1	1	1	2	1	1	2	1	1	2	2	2	1	1	1	1	2	2	1	2	1	2	1	2	1	1	2	2	1	1	-9	1	1	1	1	1	1	2	2	1	-9	1	1	2	1	1	2	2	1	1	2	1	1	1	-9	1	-9	1	1	1	1	1	2	2	1	1	1	1	1	2	1	1	1	2	1	1	1	2	1	2	2	1	2	2	1	1	2	1	1	1	2	2	2
01_2019_2189	1	2	1	2	2	2	1	1	1	1	2	2	2	2	1	1	2	2	2	2	1	1	1	2	2	2	2	1	2	1	2	1	1	2	2	2	1	-9	2	1	2	1	2	1	2	2	1	-9	1	2	2	2	1	2	2	1	2	2	1	1	2	-9	1	-9	1	1	2	1	2	2	2	2	1	1	1	1	2	1	2	1	2	1	1	1	2	2	2	2	1	2	2	2	2	2	1	2	1	2	2	2
01_2019_2190	1	2	1	2	2	2	1	1	1	1	2	2	2	1	1	1	2	2	2	1	1	1	2	2	1	1	2	1	2	1	2	1	2	1	2	1	1	1	1	1	1	1	1	1	1	1	1	1	1	1	2	1	1	2	1	1	1	2	1	1	1	1	1	2	1	1	1	1	1	1	2	1	1	1	1	1	2	1	1	2	2	1	1	1	2	1	2	1	2	2	2	1	1	2	1	1	1	1	-9	2
01_2019_2190	1	2	1	2	2	2	1	1	1	1	2	2	2	1	1	2	2	2	2	2	1	1	2	2	1	1	2	1	2	1	2	1	2	2	2	1	1	1	2	1	2	1	2	1	1	1	1	1	1	1	2	2	1	2	1	1	2	2	2	1	2	1	1	2	1	1	1	1	2	1	2	2	1	1	1	2	2	1	2	2	2	1	1	1	2	1	2	2	2	2	2	1	2	2	1	1	1	2	-9	2
01_2019_2191	-9	2	1	2	2	2	1	1	1	1	1	2	1	2	1	1	2	2	2	1	1	1	1	2	1	1	2	1	2	1	-9	1	2	1	1	1	1	-9	2	1	1	1	1	1	1	2	1	1	1	1	2	2	1	2	1	1	1	2	1	1	1	1	1	2	1	1	1	1	2	1	2	1	1	1	1	1	2	1	1	2	2	1	1	1	2	1	2	1	2	2	2	1	1	2	1	1	1	1	2	2
01_2019_2191	-9	2	1	2	2	2	1	1	1	1	2	2	2	2	1	2	2	2	2	1	1	1	-9	2	2	2	2	1	2	1	-9	1	2	2	2	2	1	-9	2	2	1	1	2	1	2	2	1	1	1	2	2	2	1	2	1	1	2	2	1	1	1	1	1	2	1	1	2	1	2	2	2	1	1	1	1	1	2	1	2	2	2	1	1	1	2	2	2	1	2	2	2	1	2	2	1	2	1	2	2	2
01_2019_2192	1	1	1	2	1	2	1	1	2	1	2	1	2	1	1	1	-9	2	1	1	1	1	1	1	1	1	2	1	1	1	-9	1	2	1	2	1	1	1	2	1	1	1	1	1	1	1	1	-9	1	1	1	1	1	2	1	1	1	-9	1	1	1	2	1	1	1	1	1	1	1	1	2	1	1	1	1	1	1	1	1	1	1	1	1	1	1	1	1	1	1	2	2	2	1	1	1	1	1	1	-9	1
01_2019_2192	1	2	2	2	2	2	1	1	2	2	2	2	2	1	2	2	-9	2	2	2	1	1	2	2	2	1	2	1	2	1	-9	2	2	2	2	1	1	1	2	1	1	2	2	1	1	2	1	-9	1	1	2	2	1	2	1	1	2	-9	2	2	1	2	2	1	1	2	2	2	2	2	2	1	1	1	1	2	2	1	1	2	2	1	1	1	2	1	2	2	1	2	2	2	2	2	1	2	2	1	-9	2
01_2019_2193	1	1	1	2	2	2	1	1	1	1	1	2	1	1	1	1	-9	2	2	1	1	1	2	2	1	1	2	1	2	1	2	1	2	1	1	2	1	1	1	1	1	1	1	1	1	1	1	1	1	1	2	1	1	2	2	1	1	2	2	1	1	1	1	2	1	1	2	1	1	1	2	1	1	1	1	1	2	1	1	1	2	1	1	1	2	1	2	1	1	2	2	1	2	2	1	2	1	2	-9	2
01_2019_2193	1	2	1	2	2	2	1	1	1	1	2	2	1	1	1	1	-9	2	2	2	1	1	2	2	2	2	2	1	2	1	2	1	2	2	2	2	1	1	1	2	2	1	1	1	1	2	1	1	1	2	2	2	1	2	2	1	1	2	2	1	2	1	1	2	1	1	2	1	2	1	2	2	1	1	1	2	2	1	2	1	2	1	1	1	2	1	2	2	2	2	2	1	2	2	1	2	1	2	-9	2
01_2019_2194	-9	1	1	2	2	2	1	1	1	1	1	2	1	1	1	1	-9	2	2	1	1	1	2	2	1	2	2	1	2	1	-9	1	2	1	1	1	1	1	1	1	1	1	1	1	2	1	1	1	1	1	2	1	1	2	2	1	1	2	1	1	1	1	1	-9	1	1	1	1	1	1	2	1	1	1	1	1	2	1	1	1	2	1	1	1	2	1	2	1	2	2	2	1	1	2	1	1	1	2	-9	2
01_2019_2194	-9	2	1	2	2	2	1	1	1	1	2	2	2	2	1	1	-9	2	2	1	1	1	2	2	1	2	2	1	2	1	-9	1	2	2	2	2	1	1	2	2	1	1	2	1	2	2	1	1	1	1	2	2	1	2	2	1	2	2	1	1	2	1	2	-9	1	1	1	1	2	1	2	2	1	1	1	2	2	1	2	1	2	1	1	1	2	2	2	1	2	2	2	1	2	2	1	1	1	2	-9	2
01_2019_2195	-9	1	1	2	2	2	1	1	1	1	1	1	1	1	1	2	-9	2	2	2	1	1	2	2	1	2	2	1	2	1	-9	1	1	1	1	1	1	1	1	1	1	1	1	1	2	1	-9	2	1	1	2	1	1	2	1	1	1	2	1	1	2	1	1	2	1	1	1	1	1	2	2	2	1	1	1	1	2	1	1	1	2	1	1	1	2	1	2	2	1	2	2	2	2	2	1	2	1	1	-9	2
01_2019_2195	-9	2	1	2	2	2	1	1	1	1	2	2	2	1	1	2	-9	2	2	2	1	1	2	2	1	2	2	1	2	1	-9	1	1	1	2	2	1	1	2	2	2	1	1	1	2	2	-9	2	1	2	2	1	1	2	1	1	1	2	1	1	2	1	-9	2	1	1	2	1	2	2	2	2	1	1	1	2	2	1	2	1	2	1	1	1	2	2	2	2	1	2	2	2	2	2	1	2	1	1	-9	2
01_2019_2196	-9	1	1	1	1	-9	1	1	1	1	1	2	1	2	1	1	-9	2	1	1	1	1	1	2	1	1	1	1	1	1	-9	1	1	2	1	1	1	-9	1	1	1	1	1	1	2	2	-9	-9	1	1	1	1	1	1	1	1	1	2	1	1	2	1	1	2	1	1	1	1	2	1	2	1	1	1	1	1	2	1	1	1	2	2	1	1	2	1	1	1	1	1	2	1	2	1	1	2	1	1	2	1
01_2019_2196	-9	1	1	2	2	-9	1	1	1	2	1	2	2	2	2	2	-9	2	2	2	1	1	1	2	1	2	1	2	2	2	-9	1	2	2	2	2	1	-9	2	2	2	2	1	1	2	2	-9	-9	1	2	2	1	1	2	2	1	1	2	1	1	2	1	2	2	1	2	1	1	2	1	2	2	1	1	1	1	2	1	2	1	2	2	1	1	2	1	2	1	1	2	2	1	2	2	1	2	1	2	2	2
01_2019_2198	1	1	1	2	2	2	1	1	1	1	1	1	1	1	1	1	-9	2	2	2	1	1	1	2	1	2	2	1	2	1	2	1	2	2	1	1	1	1	1	2	1	1	2	1	2	1	1	1	1	1	2	1	1	2	2	1	1	2	1	1	1	1	1	2	1	1	1	1	1	1	2	1	1	1	1	2	2	1	1	1	2	1	1	1	2	1	2	1	1	2	2	1	1	2	1	1	1	2	1	2
01_2019_2198	1	2	1	2	2	2	1	1	1	1	1	2	2	2	1	1	-9	2	2	2	1	1	-9	2	1	2	2	1	2	1	2	1	2	2	1	2	1	1	1	2	2	1	2	1	2	1	1	1	1	1	2	2	1	2	2	1	1	2	2	1	2	1	1	2	1	1	1	1	1	2	2	2	1	1	1	2	2	1	2	1	2	1	1	1	2	1	2	2	2	2	2	2	1	2	1	1	1	2	1	2
01_2019_2199	2	2	1	1	2	-9	-9	1	1	1	1	1	1	1	-9	1	-9	-9	1	1	1	1	1	-9	1	1	1	1	1	1	-9	-9	1	1	1	1	1	-9	1	1	1	-9	1	1	1	1	-9	-9	-9	2	1	1	-9	1	1	-9	1	-9	1	-9	1	1	1	-9	-9	1	2	1	1	1	1	1	1	-9	1	1	-9	-9	1	1	-9	2	1	1	-9	1	1	1	1	1	1	1	2	-9	1	1	1	1	-9	-9
01_2019_2199	2	2	1	2	2	-9	-9	1	1	2	2	2	2	2	-9	2	-9	-9	2	1	1	1	1	-9	2	2	1	1	2	2	-9	-9	2	2	2	1	1	-9	2	1	1	-9	1	1	2	1	-9	-9	-9	2	2	1	-9	2	2	-9	2	-9	1	-9	2	1	2	-9	-9	2	-9	1	1	2	2	2	1	-9	1	2	-9	-9	1	2	-9	2	1	1	-9	1	2	1	2	2	2	2	2	-9	1	2	1	2	-9	-9
01_2019_2200	1	1	1	2	2	2	1	1	1	1	1	1	2	1	1	1	-9	2	2	1	1	1	1	2	1	1	2	1	2	1	-9	1	2	2	1	1	1	-9	1	2	1	1	2	1	1	1	1	-9	1	2	2	1	1	2	1	1	1	2	2	1	2	-9	1	2	1	1	2	1	1	2	2	2	1	1	1	2	2	1	2	1	2	1	1	1	2	2	2	1	1	2	2	1	1	2	1	2	1	1	1	2
01_2019_2200	1	1	1	2	2	2	1	1	1	1	1	1	2	2	1	1	-9	2	2	2	1	1	1	2	2	2	2	1	2	1	-9	1	2	2	1	1	1	-9	2	2	1	1	2	1	1	1	1	-9	1	2	2	2	1	2	2	1	2	2	2	1	2	-9	2	2	1	1	2	1	1	2	2	2	1	1	1	2	2	1	2	2	2	1	1	1	2	2	2	2	2	2	2	1	1	2	1	2	1	1	1	2
01_2019_2201	1	1	1	2	2	2	1	1	1	1	1	1	1	2	1	1	-9	2	2	1	1	1	2	2	1	1	2	1	2	1	-9	1	2	1	1	1	1	1	1	1	1	1	1	1	1	1	1	-9	1	2	2	1	1	2	1	1	1	2	1	1	1	-9	1	2	1	1	2	1	1	2	2	1	1	1	1	1	2	1	1	1	2	1	1	1	2	1	2	1	1	2	2	1	1	2	1	2	1	1	-9	2
01_2019_2201	1	1	1	2	2	2	1	1	1	1	2	2	2	2	1	2	-9	2	2	2	1	1	2	2	2	2	2	1	2	1	-9	1	2	2	2	2	1	1	2	2	2	1	2	1	1	2	1	-9	1	2	2	2	1	2	2	1	2	2	2	1	2	-9	2	2	1	1	2	1	2	2	2	2	1	1	1	2	2	1	2	2	2	1	1	1	2	2	2	2	1	2	2	1	2	2	1	2	1	2	-9	2
01_2019_2202	1	1	1	2	2	2	1	1	1	1	1	1	1	1	1	2	-9	2	2	2	1	1	2	2	1	1	2	1	2	1	-9	1	2	1	1	1	1	-9	1	1	1	1	1	1	1	2	1	-9	1	1	2	1	1	2	1	1	1	2	1	1	1	-9	1	2	1	1	1	1	1	2	2	1	1	1	1	1	2	1	1	1	2	1	1	1	2	1	2	2	1	2	2	1	2	2	1	1	1	1	1	2
01_2019_2202	1	2	1	2	2	2	1	1	1	1	2	2	2	1	1	2	-9	2	2	2	1	1	2	2	1	1	2	1	2	1	-9	1	2	1	2	2	1	-9	2	2	2	1	1	1	2	2	1	-9	1	1	2	2	1	2	2	1	2	2	2	1	2	-9	1	2	1	1	1	1	2	2	2	2	1	1	1	2	2	1	2	2	2	1	1	1	2	2	2	2	2	2	2	2	2	2	1	2	1	1	1	2
01_2019_2203	1	1	1	2	2	2	-9	1	1	1	2	1	1	1	1	1	-9	2	2	1	1	1	1	2	1	1	2	1	2	1	-9	1	1	1	2	1	1	1	1	1	1	1	2	1	1	1	1	1	1	1	2	1	1	2	1	1	1	2	1	1	1	1	2	2	1	1	2	1	2	1	2	1	1	1	1	1	2	1	1	2	2	-9	1	1	2	2	2	1	1	2	2	2	1	2	1	1	1	1	2	2
01_2019_2203	1	2	1	2	2	2	-9	1	1	1	2	2	2	2	1	2	-9	2	2	2	1	1	1	2	1	2	2	1	2	1	-9	1	1	1	2	2	1	1	1	1	2	1	2	1	2	2	1	1	1	2	2	1	1	2	1	1	2	2	2	1	2	1	2	2	1	1	2	1	2	1	2	2	1	1	1	1	2	1	2	2	2	-9	1	1	2	2	2	2	2	2	2	2	1	2	1	2	1	2	2	2
01_2019_2180	1	2	1	1	1	2	1	1	1	2	1	1	1	1	1	1	1	1	1	1	1	1	1	1	1	1	2	1	1	1	1	1	2	2	2	2	1	1	2	1	1	1	1	1	1	1	1	1	1	2	2	1	1	1	1	1	2	2	1	1	1	1	1	1	1	1	2	1	1	1	2	1	1	1	1	1	1	1	1	1	2	2	1	1	1	1	1	1	1	1	2	1	1	1	1	2	1	1	2	1
01_2019_2180	1	2	2	2	2	2	1	2	1	2	1	2	2	1	1	1	2	1	1	2	2	2	1	2	1	2	2	1	1	1	1	2	2	2	2	2	1	1	2	2	1	2	2	1	2	1	1	1	1	2	2	1	1	1	1	2	2	2	2	2	2	1	1	1	1	1	2	2	2	2	2	2	1	1	1	2	2	1	1	2	2	2	1	2	1	1	1	1	2	1	2	1	1	2	1	2	2	2	2	2
01_2019_2181	1	2	1	1	2	1	1	1	1	2	1	2	1	2	2	1	2	1	1	1	2	1	1	2	1	1	1	2	1	2	-9	1	1	1	1	1	1	1	1	1	1	1	1	1	2	2	1	1	1	1	1	1	1	1	1	1	1	1	1	1	2	1	1	1	1	1	1	1	1	1	1	1	1	1	1	2	1	1	1	1	2	2	1	1	1	1	1	1	1	1	2	1	2	1	1	1	1	1	2	1
01_2019_2181	1	2	1	1	2	1	1	1	1	2	1	2	1	2	2	2	2	2	2	1	2	2	1	2	1	1	1	2	1	2	-9	1	1	2	2	1	1	1	2	2	1	2	1	1	2	2	1	1	1	2	2	1	1	1	1	1	1	2	2	2	2	1	1	1	1	2	1	1	1	1	2	2	1	1	1	2	2	1	2	1	2	2	1	1	1	2	1	2	2	2	2	2	2	2	2	2	1	1	2	1
01_2019_2182	-9	2	2	1	2	1	1	1	1	2	1	2	1	-9	2	1	1	1	1	1	1	1	-9	2	1	1	1	1	1	1	1	1	1	1	1	2	1	1	1	1	1	1	2	1	2	2	2	1	1	1	1	1	1	1	2	1	2	1	1	1	1	1	1	1	1	1	1	1	1	1	2	1	1	1	1	2	2	1	1	2	2	2	1	1	1	1	1	1	1	2	2	-9	1	1	2	2	1	1	-9	1
01_2019_2182	-9	2	2	1	2	1	1	1	1	2	1	2	2	-9	2	2	2	2	2	1	2	2	-9	2	1	1	1	1	2	1	1	1	1	1	2	2	1	1	1	2	1	2	2	1	2	2	2	1	2	1	2	1	1	2	2	1	2	2	1	2	1	1	2	1	1	1	1	1	1	2	2	1	1	1	1	2	2	1	1	2	2	2	1	1	1	2	2	2	2	2	2	-9	1	2	2	2	1	1	-9	2
01_2019_2183	1	2	2	1	2	1	1	1	1	2	1	2	1	-9	2	1	1	2	1	1	2	1	1	2	1	1	2	1	1	1	-9	1	1	1	1	2	1	1	1	2	1	1	1	1	2	2	1	1	2	1	1	1	1	1	2	1	1	1	1	2	1	1	1	-9	1	1	1	1	2	1	2	1	1	1	1	1	1	1	1	2	2	2	1	1	1	1	1	1	2	1	2	1	1	1	2	1	1	1	-9	1
01_2019_2183	1	2	2	1	2	2	1	1	1	2	1	2	2	-9	2	2	2	2	1	1	2	1	1	2	1	1	2	1	2	1	-9	1	1	1	2	2	1	1	1	2	1	1	2	1	2	2	2	1	2	1	2	2	1	2	2	1	1	2	2	2	1	1	2	-9	1	1	1	1	2	2	2	1	1	1	1	2	1	1	1	2	2	2	1	1	1	1	2	2	2	2	2	1	2	1	2	2	1	1	-9	2
01_2019_2184	1	2	1	1	2	2	1	1	1	2	1	2	1	1	2	1	1	1	1	1	1	1	-9	2	1	1	1	1	1	2	-9	1	1	1	1	2	1	1	1	1	1	1	1	1	2	2	1	1	2	1	1	1	1	1	1	1	1	1	2	2	1	1	1	1	1	1	1	1	1	1	2	1	1	1	1	1	1	1	1	1	2	2	1	1	1	1	1	1	2	1	2	2	1	1	2	1	1	1	-9	1
01_2019_2184	1	2	2	1	2	2	1	1	2	2	1	2	2	1	2	2	2	1	1	1	2	1	-9	2	1	1	1	1	1	2	-9	1	1	2	1	2	1	1	1	1	1	1	2	1	2	2	1	1	2	1	2	2	1	2	2	1	2	2	2	2	2	1	1	1	1	1	1	1	2	2	2	1	1	1	1	2	2	1	1	2	2	2	1	1	1	2	2	2	2	2	2	2	2	1	2	1	1	1	-9	2
01_2019_2121	1	2	1	1	2	1	2	1	1	2	1	2	1	1	2	1	2	2	1	1	1	1	1	1	1	1	1	2	1	1	1	1	1	1	2	1	1	1	2	1	1	1	1	1	1	2	1	1	2	2	1	1	1	1	1	1	1	1	2	1	1	2	1	1	1	1	1	1	1	1	1	1	1	1	1	1	1	2	2	1	1	1	1	1	1	1	1	1	1	1	1	1	1	1	1	1	1	2	2	1
01_2019_2121	1	2	1	1	2	2	2	1	1	2	1	2	2	1	2	2	2	2	1	1	1	2	1	2	2	1	-9	2	1	1	1	2	2	1	2	1	1	2	2	1	1	1	1	2	1	2	1	1	2	2	1	1	1	1	1	1	1	2	2	-9	1	-9	1	1	1	2	1	1	2	1	2	2	-9	1	1	1	1	2	2	2	1	2	-9	1	2	2	1	2	2	1	-9	2	1	2	2	1	2	2	2	1
01_2019_2122	1	1	1	2	1	1	1	1	1	1	1	1	2	2	2	1	1	1	1	1	1	2	1	1	1	1	1	2	1	-9	1	1	1	1	1	2	1	1	1	1	1	1	1	1	1	1	1	1	1	1	1	1	1	2	1	1	2	1	1	1	1	1	2	2	1	2	2	1	2	1	1	1	2	1	1	2	1	1	2	1	1	2	2	1	1	1	1	1	1	1	1	1	2	1	1	1	1	1	2	1
01_2019_2122	1	1	2	2	2	2	1	1	1	2	1	1	2	2	2	2	2	2	1	1	1	2	1	2	1	1	1	2	1	-9	1	2	1	1	1	2	1	2	2	1	1	1	1	1	1	1	1	1	1	1	1	1	2	2	1	1	2	1	1	1	1	1	2	2	1	2	2	1	2	1	1	1	2	1	1	2	1	1	2	2	2	2	2	1	1	1	1	1	1	2	2	1	2	1	2	1	1	1	2	1
01_2019_2123	-9	1	1	2	1	1	1	1	1	2	1	1	2	2	2	1	2	2	1	1	1	2	1	2	1	1	1	2	1	-9	1	1	2	1	1	2	1	1	1	1	1	1	1	1	1	1	1	1	1	1	1	1	1	1	1	1	2	1	1	1	1	1	1	2	1	1	1	1	1	1	1	1	1	1	1	1	1	1	2	1	1	2	2	1	1	1	1	1	1	1	1	1	2	1	1	1	1	1	2	1
01_2019_2123	-9	1	2	2	2	2	1	1	1	2	1	1	2	2	2	2	2	2	1	2	1	2	1	2	1	1	1	2	1	-9	1	2	2	1	1	2	1	2	1	1	1	1	1	1	1	1	1	1	1	2	1	1	2	2	1	1	2	1	1	2	1	1	2	2	1	2	2	1	2	1	2	1	1	1	1	2	1	1	2	1	2	2	2	1	1	1	1	2	1	2	2	1	2	1	2	1	1	1	2	2
01_2019_2124	1	1	1	2	1	1	1	1	1	2	1	1	2	2	2	1	1	1	1	1	1	2	1	2	1	1	-9	2	1	-9	1	1	1	1	1	2	1	1	1	1	1	1	1	1	1	1	1	1	1	1	1	1	2	1	1	1	2	1	1	1	1	1	1	2	1	1	1	1	1	2	1	1	1	1	1	1	1	1	2	1	1	2	1	1	1	1	1	1	1	1	1	1	2	1	1	1	1	1	2	1
01_2019_2124	1	1	1	2	2	2	1	1	1	2	1	1	2	2	2	2	2	2	1	1	1	2	1	2	1	1	-9	2	1	-9	1	1	1	1	1	2	1	2	2	1	1	1	1	1	1	1	1	1	1	2	1	1	2	2	1	1	2	1	1	2	1	1	1	2	1	2	2	1	2	2	2	1	2	1	1	2	1	1	2	2	2	2	2	1	1	1	1	1	1	2	2	2	2	1	2	1	1	1	2	1
01_2019_2135	1	2	1	2	1	1	1	2	1	2	1	1	1	1	2	1	1	2	1	1	2	1	1	1	1	1	2	2	1	1	2	1	1	1	1	2	1	1	1	1	1	2	1	1	1	1	1	2	1	1	1	1	1	1	1	1	1	1	1	1	1	1	2	2	1	1	2	1	1	2	2	1	1	1	1	2	1	1	1	2	1	2	1	1	1	1	1	1	1	1	2	2	1	1	1	1	1	1	2	1
01_2019_2135	1	2	2	2	2	2	1	2	1	2	1	1	2	2	2	1	2	2	2	1	2	2	2	2	1	2	2	2	2	1	2	2	2	2	2	2	1	1	1	1	2	2	1	1	2	2	1	2	1	1	2	2	2	2	2	1	2	1	1	2	1	2	2	2	1	2	2	2	1	2	2	1	1	2	1	2	2	2	1	2	2	2	2	1	1	1	2	2	1	2	2	2	1	2	2	2	1	2	2	2
01_2019_2126	1	2	2	2	1	2	1	2	1	2	1	-9	1	1	2	1	2	2	1	1	2	1	1	2	1	1	2	-9	1	1	2	2	1	1	2	2	1	1	1	1	2	2	1	1	2	1	1	2	1	1	1	1	2	1	1	1	1	1	1	1	1	1	2	2	1	1	2	1	1	2	2	1	1	1	1	2	1	1	1	2	1	2	1	1	1	1	2	1	1	1	2	2	1	1	1	1	1	1	2	1
01_2019_2126	1	2	2	2	1	2	1	2	1	2	1	-9	2	2	2	1	2	2	2	1	2	1	2	2	1	2	2	-9	2	1	2	2	2	1	2	2	1	1	1	1	2	2	1	1	2	2	1	2	1	1	1	1	2	1	1	1	1	1	1	2	1	2	2	2	1	1	2	2	1	2	2	1	1	2	1	2	2	2	1	2	2	2	1	1	1	1	2	2	1	1	2	2	1	2	2	2	1	2	2	1
01_2019_2127	1	2	1	2	1	1	1	2	1	2	1	1	1	1	2	1	1	2	1	1	2	1	1	2	1	2	2	2	1	1	2	1	1	1	1	2	1	1	1	1	1	2	1	1	2	1	1	2	1	1	1	1	1	1	1	1	1	1	1	1	1	2	2	2	1	1	2	1	1	2	2	1	1	1	1	2	1	1	1	2	1	2	1	1	1	1	1	1	1	1	2	2	1	1	1	2	1	2	2	1
01_2019_2127	1	2	2	2	2	2	1	2	1	2	1	1	2	2	2	1	2	2	2	1	2	2	2	2	1	2	2	2	2	1	2	2	2	2	2	2	1	1	1	1	2	2	1	1	2	2	1	2	1	1	2	2	2	2	2	1	2	1	1	2	1	2	2	2	1	2	2	2	1	2	2	1	1	2	1	2	2	2	1	2	2	2	2	1	1	1	2	2	1	2	2	2	1	2	2	2	1	2	2	2
01_2019_2128	1	2	1	2	1	1	1	2	1	2	1	1	1	1	2	1	1	2	1	1	2	1	1	1	1	1	2	-9	2	1	2	2	1	1	1	2	1	1	1	1	1	2	1	1	1	2	1	2	1	1	1	2	1	1	2	1	1	1	1	1	1	2	2	2	2	2	2	1	1	2	2	1	1	1	1	2	1	2	1	2	1	2	1	1	1	1	1	1	1	1	2	2	1	1	1	2	1	1	2	1
01_2019_2128	1	2	2	2	2	2	1	2	1	2	1	1	1	2	2	1	1	2	2	1	2	2	1	2	1	1	2	-9	2	1	2	2	2	2	2	2	1	1	1	1	2	2	1	1	2	2	1	2	1	1	2	2	2	1	2	1	2	1	1	2	1	2	2	2	2	2	2	2	1	2	2	1	1	2	1	2	2	2	1	2	1	2	2	1	1	1	2	2	1	1	2	2	1	2	1	2	1	2	2	2
01_2019_2129	1	2	1	2	1	1	1	2	1	2	1	1	2	1	-9	1	1	2	2	1	2	1	2	1	1	2	2	2	1	1	1	2	1	2	2	2	1	-9	1	1	1	2	1	1	1	1	1	2	1	1	1	1	1	1	2	1	1	1	1	1	1	1	2	2	1	1	2	1	1	2	2	1	1	1	1	2	1	1	1	2	1	-9	1	1	1	1	1	2	1	1	2	2	1	1	1	2	1	1	2	2
01_2019_2129	1	2	2	2	1	2	1	2	1	2	1	1	2	2	-9	1	2	2	2	1	2	2	2	1	1	2	2	2	2	1	1	2	2	2	2	2	1	-9	1	1	1	2	1	1	1	1	1	2	1	1	2	1	2	2	2	1	1	1	1	2	1	1	2	2	1	2	2	1	1	2	2	1	1	2	1	2	2	2	1	2	1	-9	2	1	1	1	1	2	1	1	2	2	1	2	2	2	1	1	2	2
01_2019_2130	-9	2	1	2	2	2	1	2	1	2	1	1	1	1	-9	1	1	2	2	1	2	2	1	1	1	1	2	2	1	1	2	1	1	2	1	2	1	1	1	1	2	2	1	1	1	1	1	2	1	1	2	1	2	1	1	1	1	1	1	2	1	1	2	2	1	2	2	1	1	2	2	1	1	1	1	2	1	2	1	2	1	2	1	1	1	1	1	1	1	1	2	2	1	1	1	1	1	1	2	1
01_2019_2130	-9	2	2	2	2	2	1	2	1	2	1	1	1	1	-9	1	2	2	2	1	2	2	2	1	1	1	2	2	2	1	2	1	2	2	1	2	1	1	1	1	2	2	1	1	2	2	1	2	1	1	2	2	2	2	2	1	1	1	1	2	1	1	2	2	1	2	2	2	1	2	2	1	1	2	1	2	2	2	1	2	1	2	1	1	1	1	2	2	1	2	2	2	1	1	1	2	1	2	2	2
01_2019_2131	1	2	1	2	1	1	1	2	1	2	1	1	2	1	2	1	1	2	1	1	2	1	1	1	1	1	2	2	1	-9	2	2	1	1	1	2	1	1	-9	1	1	2	1	1	1	1	1	2	1	1	1	1	1	1	1	1	2	1	1	1	1	1	2	2	1	1	2	1	1	2	2	1	1	1	1	2	1	1	1	2	2	-9	2	1	1	1	1	1	1	1	2	2	1	2	2	1	1	1	1	1
01_2019_2131	1	2	2	2	1	1	1	2	1	2	1	1	2	2	2	1	2	2	2	1	2	2	2	2	1	1	2	2	2	-9	2	2	1	2	2	2	1	1	-9	1	1	2	1	1	2	2	1	2	1	1	2	2	1	2	2	1	2	1	1	2	1	2	2	2	1	2	2	2	1	2	2	1	1	2	1	2	2	2	1	2	2	-9	2	1	1	1	1	1	1	2	2	2	1	2	2	1	1	1	1	1
01_2019_2132	-9	2	1	2	2	2	-9	2	1	2	1	-9	2	1	2	1	1	2	1	1	2	2	1	1	1	1	2	2	1	1	2	1	1	1	1	2	1	1	1	1	2	2	1	1	1	1	1	2	1	1	2	1	2	2	1	1	1	1	1	1	1	1	2	2	1	2	2	1	1	2	2	1	1	1	1	2	2	1	1	2	2	2	1	1	1	1	1	1	1	2	2	2	1	2	2	2	1	1	2	1
01_2019_2132	-9	2	2	2	2	2	-9	2	1	2	1	-9	2	2	2	1	2	2	1	1	2	2	1	1	1	2	2	2	2	1	2	2	2	1	1	2	1	1	1	1	2	2	1	1	2	1	1	2	1	1	2	2	2	2	2	1	1	1	1	2	1	2	2	2	1	2	2	1	1	2	2	1	1	1	1	2	2	2	1	2	2	2	1	1	1	1	2	1	1	2	2	2	1	2	2	2	1	2	2	1
01_2019_2134	1	2	1	2	1	2	1	2	1	2	1	1	1	1	-9	1	1	2	1	1	2	1	1	1	1	1	2	2	1	1	2	2	1	1	2	2	1	1	1	1	1	2	1	1	1	1	1	2	1	1	1	1	1	1	1	1	1	1	1	2	1	1	2	2	1	1	2	1	1	2	2	1	1	2	1	2	1	1	1	2	2	2	1	1	1	1	1	1	1	1	2	2	1	1	1	1	1	2	2	1
01_2019_2134	1	2	2	2	2	2	1	2	1	2	1	1	1	2	-9	1	2	2	2	1	2	2	2	2	1	2	2	2	2	1	2	2	2	2	2	2	1	1	1	1	2	2	1	1	2	2	1	2	1	1	2	1	2	2	2	1	2	1	1	2	1	2	2	2	1	1	2	1	1	2	2	1	1	2	1	2	1	1	1	2	2	2	1	1	1	1	2	2	1	2	2	2	1	1	2	1	1	2	2	2
01_2019_2137	1	2	1	2	1	1	1	2	1	2	1	1	1	1	2	1	1	2	1	1	2	1	1	1	1	1	2	2	1	1	2	1	2	1	1	2	1	1	1	1	1	2	1	1	1	1	1	2	1	1	1	1	1	1	1	1	1	1	1	1	1	1	2	2	1	1	2	1	1	2	2	1	1	1	1	2	1	1	1	2	1	2	1	1	1	1	1	1	1	1	2	2	1	1	1	1	1	1	2	1
01_2019_2137	1	2	2	2	2	2	1	2	1	2	1	1	2	2	2	1	2	2	2	1	2	2	2	1	1	2	2	2	-9	1	2	1	2	2	2	2	1	1	1	1	2	2	1	1	2	2	1	2	1	1	2	2	2	2	2	1	2	1	1	2	1	2	2	2	1	2	2	2	1	2	2	1	1	2	1	2	2	2	1	2	2	2	2	1	1	1	2	2	1	2	2	2	1	2	2	2	1	2	2	2
01_2019_2138	1	2	1	2	2	1	1	2	1	2	1	1	1	2	2	1	1	2	1	1	2	2	1	1	1	1	2	2	1	1	2	1	1	2	1	2	1	1	1	1	1	2	1	1	1	1	1	2	1	1	1	1	1	1	1	1	1	1	1	1	1	2	2	2	2	1	2	1	1	2	2	1	1	1	1	2	1	1	1	2	1	2	1	1	1	1	2	1	1	1	2	2	1	2	1	1	1	2	2	1
01_2019_2138	1	2	2	2	2	2	1	2	1	2	1	1	2	2	2	1	2	2	2	1	2	2	1	2	1	2	2	2	2	1	2	2	2	2	1	2	1	1	1	1	2	2	1	1	2	2	1	2	1	1	2	2	1	2	1	1	2	1	1	1	1	2	2	2	2	2	2	2	1	2	2	1	1	2	1	2	2	2	1	2	2	2	2	1	1	1	2	2	1	2	2	2	1	2	2	2	1	2	2	2
01_2019_2139	1	2	1	2	1	1	1	2	1	2	1	1	1	2	2	1	2	2	1	1	2	1	1	2	1	1	2	2	1	-9	2	1	2	1	1	2	1	1	-9	1	1	2	1	1	2	1	1	2	1	1	1	2	1	2	1	1	2	1	1	1	1	2	2	2	2	2	2	1	1	2	2	1	1	2	1	2	1	1	1	2	1	2	1	1	1	1	1	2	1	2	2	2	1	1	1	1	1	2	2	1
01_2019_2139	1	2	2	2	2	2	1	2	1	2	1	1	1	2	2	1	2	2	2	1	2	2	2	2	1	2	2	2	1	-9	2	2	2	2	2	2	1	1	-9	1	2	2	1	1	2	2	1	2	1	1	2	2	1	2	1	1	2	1	1	2	1	2	2	2	2	2	2	2	1	2	2	1	1	2	1	2	1	2	1	2	1	2	2	1	1	1	1	2	1	2	2	2	1	2	1	1	1	2	2	2
01_2019_2140	1	2	1	2	2	1	1	2	1	2	1	1	1	1	2	1	2	2	1	1	2	2	1	1	1	2	2	2	1	1	-9	1	1	1	1	2	1	-9	1	1	1	2	1	1	1	1	1	2	1	1	1	2	1	1	1	1	1	1	1	1	1	1	2	2	1	1	2	1	1	2	2	1	1	1	1	2	1	2	1	2	1	2	2	1	1	1	1	1	1	1	2	2	1	1	1	2	1	1	1	1
01_2019_2140	1	2	2	2	2	1	1	2	1	2	1	1	2	1	2	1	2	2	2	1	2	2	1	2	1	2	2	2	2	1	-9	2	1	1	2	2	1	-9	1	1	2	2	1	1	2	2	1	2	1	1	2	2	2	2	1	1	2	1	1	1	1	1	2	2	1	1	2	2	1	2	2	1	1	2	1	2	2	2	1	2	2	2	2	1	1	1	1	1	1	2	2	2	1	2	2	2	1	2	1	2
01_2019_2141	1	2	1	2	2	2	1	2	1	2	1	1	1	1	2	1	1	2	1	1	2	1	2	1	1	2	2	2	1	1	2	2	1	1	1	2	1	-9	1	1	1	2	1	1	1	1	1	2	1	1	1	1	1	2	2	1	1	1	1	1	1	1	2	2	1	2	2	1	1	2	2	1	1	1	1	2	1	1	1	2	1	2	1	1	1	1	1	1	1	2	2	2	1	1	1	2	1	1	2	1
01_2019_2141	1	2	2	2	2	2	1	2	1	2	1	1	2	2	2	1	1	2	2	1	2	2	2	2	1	2	2	2	1	1	2	2	1	2	1	2	1	-9	1	1	2	2	1	1	1	2	1	2	1	1	2	2	2	2	2	1	2	1	1	2	1	2	2	2	1	2	2	2	1	2	2	1	1	2	1	2	2	2	1	2	2	2	1	1	1	1	2	1	1	2	2	2	1	2	2	2	1	1	2	1
01_2019_2142	-9	2	1	2	2	1	1	2	1	2	1	-9	1	2	2	1	1	2	1	1	2	2	1	1	1	1	2	2	2	1	2	1	1	2	1	2	1	1	1	1	1	2	1	1	1	1	1	2	1	1	1	1	2	1	1	1	1	1	1	1	1	1	2	2	1	1	2	1	1	2	2	1	1	1	1	2	1	2	1	2	1	2	1	1	1	1	1	1	1	1	2	2	1	1	1	1	1	1	2	1
01_2019_2142	-9	2	2	2	2	2	1	2	1	2	1	-9	2	2	2	1	2	2	2	1	2	2	2	1	1	2	2	2	2	1	2	1	2	2	2	2	1	1	1	1	1	2	1	1	2	2	1	2	1	1	1	1	2	2	2	1	1	1	1	2	1	1	2	2	1	2	2	2	1	2	2	1	1	2	1	2	2	2	1	2	2	2	2	1	1	1	1	2	1	1	2	2	1	2	2	1	1	1	2	2
01_2019_2143	1	2	2	2	1	2	1	2	1	2	1	1	1	1	2	1	1	2	1	1	2	1	1	1	1	1	2	2	2	1	2	1	2	1	1	2	1	1	1	1	1	2	1	1	1	2	1	2	1	1	2	1	1	1	2	1	1	1	1	2	1	1	2	2	1	1	2	1	1	2	2	1	1	1	1	2	1	1	1	2	1	2	1	1	1	1	1	2	1	1	2	2	1	1	1	1	1	1	2	2
01_2019_2143	1	2	2	2	2	2	1	2	1	2	1	1	2	2	2	1	1	2	2	1	2	2	1	2	1	2	2	2	2	1	2	2	2	2	2	2	1	1	1	1	2	2	1	1	2	2	1	2	1	1	2	2	2	1	2	1	2	1	1	2	1	2	2	2	1	1	2	2	1	2	2	1	1	2	1	2	2	2	1	2	1	2	1	1	1	1	1	2	1	1	2	2	1	1	2	1	1	2	2	2
01_2019_2144	1	2	1	2	1	2	-9	2	1	2	1	1	1	1	2	1	1	2	1	1	2	1	1	1	1	1	2	2	1	1	1	1	1	1	1	2	1	-9	-9	1	2	2	1	1	1	2	1	2	1	1	2	1	1	1	2	1	1	1	1	1	1	2	2	2	2	1	2	1	1	2	2	1	1	1	1	2	1	1	1	2	1	2	1	1	1	1	2	1	1	2	2	2	1	1	1	1	1	1	2	1
01_2019_2144	1	2	1	2	2	2	-9	2	1	2	1	1	1	2	2	1	1	2	1	1	2	2	2	2	1	2	2	2	2	1	1	2	1	2	2	2	1	-9	-9	1	2	2	1	1	2	2	1	2	1	1	2	2	2	2	2	1	2	1	1	2	1	2	2	2	2	2	2	2	1	2	2	1	1	2	1	2	2	2	1	2	2	2	1	1	1	1	2	2	1	2	2	2	1	2	1	2	1	1	2	2
01_2019_2145	-9	1	1	1	1	1	1	1	1	1	1	1	2	1	2	1	1	2	1	1	1	1	1	1	1	1	1	2	1	2	-9	1	1	1	2	1	1	-9	1	1	1	1	1	1	1	2	1	1	1	1	1	1	1	1	1	1	1	1	1	1	1	1	1	2	1	1	1	1	1	1	1	1	1	1	1	1	1	1	1	1	2	2	1	1	1	1	1	1	1	1	1	2	1	1	1	1	1	1	2	1
01_2019_2145	-9	2	1	2	2	2	1	2	1	2	1	2	2	1	2	2	2	2	1	1	2	1	1	2	2	1	1	2	1	2	-9	2	1	1	2	2	1	-9	2	1	2	2	1	1	1	2	1	1	1	2	1	1	1	2	2	1	2	1	1	1	2	1	2	2	1	2	2	1	2	2	2	1	1	2	1	2	2	1	2	2	2	2	1	1	1	2	1	1	2	2	2	2	1	2	2	2	1	1	2	1
01_2019_2146	1	2	1	2	1	1	1	2	1	2	1	1	1	2	2	1	1	2	2	1	2	1	1	2	1	2	2	2	1	1	-9	1	1	1	1	2	1	-9	1	1	1	2	1	1	1	1	1	2	1	1	1	1	1	2	1	1	1	1	1	1	1	1	2	2	1	1	2	1	1	2	2	1	1	2	1	2	1	1	1	2	1	2	1	1	1	1	1	1	1	2	2	2	1	1	1	2	1	1	2	1
01_2019_2146	1	2	1	2	1	2	1	2	1	2	1	1	2	2	2	1	2	2	2	1	2	1	2	2	1	2	2	2	1	1	-9	2	2	2	2	2	1	-9	1	1	1	2	1	1	2	2	1	2	1	1	1	2	2	2	2	1	2	1	1	2	1	1	2	2	1	2	2	2	1	2	2	1	1	2	1	2	1	1	1	2	1	2	2	1	1	1	1	2	1	2	2	2	1	2	2	2	1	2	2	1
01_2019_2147	1	2	1	2	1	1	1	2	1	2	1	-9	2	1	2	1	1	2	1	1	2	1	1	1	1	1	2	2	1	1	2	1	1	1	1	2	1	1	-9	1	2	2	1	1	1	1	1	2	1	1	2	1	1	1	1	1	2	1	1	2	1	1	2	2	1	1	2	1	1	2	2	1	1	2	1	2	1	1	1	2	2	2	1	1	1	1	1	1	1	1	2	2	1	1	2	2	1	2	2	1
01_2019_2147	1	2	1	2	1	2	1	2	1	2	1	-9	2	2	2	1	2	2	1	1	2	1	2	2	1	2	2	2	2	1	2	2	2	1	1	2	1	1	-9	1	2	2	1	1	2	2	1	2	1	1	2	2	1	2	2	1	2	1	1	2	1	1	2	2	1	1	2	2	1	2	2	1	1	2	1	2	1	2	1	2	2	2	2	1	1	1	1	2	1	2	2	2	1	1	2	2	1	2	2	2
01_2019_2148	-9	2	1	2	1	1	1	2	1	2	1	1	2	1	-9	1	1	2	1	1	2	1	2	1	1	1	2	-9	2	1	2	1	1	1	2	2	1	1	1	1	1	2	1	1	1	1	1	2	1	1	2	1	1	1	2	1	1	1	1	1	1	1	2	2	1	1	2	1	1	2	2	1	1	1	1	2	1	1	1	2	1	2	1	1	1	1	1	1	1	1	2	2	1	1	2	1	1	1	2	1
01_2019_2148	-9	2	2	2	2	2	1	2	1	2	1	1	2	2	-9	1	1	2	2	1	2	2	2	1	1	1	2	-9	2	1	2	2	2	2	2	2	1	1	1	1	2	2	1	1	1	1	1	2	1	1	2	1	1	1	2	1	2	1	1	1	1	2	2	2	1	2	2	1	1	2	2	1	1	2	1	2	2	2	1	2	1	2	2	1	1	1	1	2	1	2	2	2	1	2	2	2	1	2	2	2
01_2019_2149	-9	2	1	2	1	1	1	2	1	2	1	1	2	1	2	1	1	2	1	1	2	1	2	1	1	2	2	2	1	1	2	1	1	1	1	2	1	1	1	1	1	2	1	1	1	1	1	2	1	1	1	2	2	1	1	1	1	1	1	1	1	1	2	2	1	1	2	1	1	2	2	1	1	1	1	2	2	2	1	2	1	2	1	1	1	1	2	1	1	2	2	2	1	1	2	1	1	1	2	1
01_2019_2149	-9	2	2	2	2	2	1	2	1	2	1	1	2	2	2	1	2	2	2	1	2	2	2	1	1	2	2	2	2	1	2	2	2	1	2	2	1	1	1	1	1	2	1	1	2	1	1	2	1	1	2	2	2	2	2	1	1	1	1	2	1	1	2	2	1	2	2	2	1	2	2	1	1	2	1	2	2	2	1	2	2	2	2	1	1	1	2	1	1	2	2	2	1	2	2	1	1	1	2	1
01_2019_2150	1	2	2	2	1	1	1	2	1	2	1	1	1	2	-9	1	2	2	1	1	2	1	1	2	1	1	2	2	1	1	2	1	1	1	2	2	1	1	1	1	1	2	1	1	2	1	1	2	1	1	1	1	1	1	1	1	1	1	1	1	1	1	2	2	1	1	2	1	1	2	2	1	1	1	1	2	1	1	1	2	1	2	1	1	1	1	1	1	1	1	2	2	1	1	1	1	1	1	2	1
01_2019_2150	1	2	2	2	2	2	1	2	1	2	1	1	2	2	-9	1	2	2	2	1	2	2	2	2	1	2	2	2	1	1	2	2	1	2	2	2	1	1	1	1	2	2	1	1	2	2	1	2	1	1	2	1	2	2	1	1	2	1	1	2	1	2	2	2	1	2	2	1	1	2	2	1	1	2	1	2	2	2	1	2	2	2	2	1	1	1	2	2	1	2	2	2	1	2	2	2	1	2	2	2
01_2019_2151	1	2	1	2	1	1	1	2	1	2	1	1	2	1	2	1	1	2	1	1	2	1	2	2	1	2	2	2	1	1	-9	1	1	1	1	2	1	-9	1	1	1	2	1	1	2	1	1	2	1	1	1	1	1	2	1	1	1	1	1	1	1	1	2	2	1	2	2	1	1	2	2	1	1	2	1	2	1	1	1	2	1	2	2	1	1	1	1	1	1	2	2	2	1	2	2	1	1	1	1	1
01_2019_2151	1	2	1	2	1	1	1	2	1	2	1	1	2	2	2	1	2	2	2	1	2	2	2	2	1	2	2	2	2	1	-9	1	1	1	2	2	1	-9	1	1	2	2	1	1	2	1	1	2	1	1	2	2	2	2	2	1	2	1	1	1	1	2	2	2	1	2	2	2	1	2	2	1	1	2	1	2	1	2	1	2	2	2	2	1	1	1	2	1	1	2	2	2	1	2	2	1	1	1	1	1
01_2019_2152	1	2	1	2	2	1	1	2	1	2	1	1	1	2	2	1	1	2	1	1	2	2	2	1	1	1	2	2	1	1	2	1	1	1	1	2	1	1	-9	1	2	2	1	1	1	1	1	2	1	1	1	1	1	1	1	1	2	1	1	1	1	1	2	2	1	2	2	1	1	2	2	1	1	2	1	2	1	2	1	2	1	2	2	1	1	1	2	1	1	1	2	2	1	1	1	1	1	1	1	1
01_2019_2152	1	2	2	2	2	1	1	2	1	2	1	1	1	2	2	1	2	2	2	1	2	2	2	2	1	2	2	2	2	1	2	2	2	2	2	2	1	1	-9	1	2	2	1	1	2	1	1	2	1	1	1	1	1	2	1	1	2	1	1	2	1	2	2	2	1	2	2	2	1	2	2	1	1	2	1	2	1	2	1	2	2	2	2	1	1	1	2	2	1	1	2	2	1	2	1	2	1	2	1	2
01_2019_2153	1	2	1	2	2	1	1	2	1	2	1	-9	1	2	2	1	2	2	1	1	2	2	1	2	1	1	2	2	1	1	2	2	1	1	1	2	1	1	1	1	1	2	1	1	2	2	1	2	1	1	1	2	2	1	1	1	1	1	1	1	1	1	2	2	1	1	2	1	1	2	2	1	1	1	1	2	1	2	1	2	1	2	2	1	1	1	1	1	1	1	2	2	1	1	1	1	1	1	1	1
01_2019_2153	1	2	2	2	2	1	1	2	1	2	1	-9	2	2	2	1	2	2	2	1	2	2	2	2	1	1	2	2	2	1	2	2	1	1	2	2	1	1	1	1	2	2	1	1	2	2	1	2	1	1	1	2	2	2	2	1	1	1	1	2	1	2	2	2	1	1	2	2	1	2	2	1	1	2	1	2	2	2	1	2	1	2	2	1	1	1	1	1	1	2	2	2	1	2	2	2	1	2	1	1
01_2019_2154	1	2	1	2	2	1	1	2	1	2	1	1	2	1	2	1	1	2	1	1	2	2	1	1	1	2	2	2	1	1	2	1	1	2	1	2	1	1	1	1	1	2	1	1	1	1	1	2	1	1	1	2	1	1	2	1	1	1	1	1	1	1	2	2	1	1	2	1	1	2	2	1	1	1	1	2	2	1	1	2	1	2	1	1	1	1	2	1	1	1	2	2	1	2	2	1	1	1	2	1
01_2019_2154	1	2	1	2	2	2	1	2	1	2	1	1	2	2	2	1	1	2	1	1	2	2	2	1	1	2	2	2	2	1	2	2	1	2	2	2	1	1	1	1	2	2	1	1	1	2	1	2	1	1	2	2	2	2	2	1	2	1	1	2	1	2	2	2	1	2	2	2	1	2	2	1	1	1	1	2	2	2	1	2	2	2	2	1	1	1	2	2	1	2	2	2	1	2	2	2	1	1	2	2
01_2019_2155	1	2	1	2	1	2	1	2	1	2	1	1	1	1	-9	1	1	2	1	1	2	1	2	1	1	2	2	2	1	1	2	1	2	1	2	2	1	1	-9	1	1	2	1	1	1	1	1	2	1	1	1	1	1	1	2	1	1	1	1	1	1	1	2	2	2	1	2	1	1	2	2	1	1	1	1	2	1	1	1	2	1	2	1	1	1	1	2	2	1	1	2	2	1	1	1	1	1	1	2	2
01_2019_2155	1	2	2	2	2	2	1	2	1	2	1	1	2	2	-9	1	1	2	2	1	2	1	2	1	1	2	2	2	2	1	2	1	2	1	2	2	1	1	-9	1	2	2	1	1	1	2	1	2	1	1	1	1	2	2	2	1	2	1	1	2	1	2	2	2	2	2	2	1	1	2	2	1	1	2	1	2	2	1	1	2	2	2	1	1	1	1	2	2	1	2	2	2	1	2	2	1	1	1	2	2
01_2019_2156	1	2	1	2	1	2	1	2	1	2	1	-9	1	2	2	1	1	2	2	1	2	1	1	1	1	1	2	2	1	-9	2	2	1	1	1	2	1	1	1	1	1	2	1	1	1	1	1	2	1	1	1	1	2	2	1	1	1	1	1	2	1	1	2	2	1	2	2	1	1	2	2	1	1	1	1	2	2	1	1	2	1	1	1	1	1	1	1	1	1	1	2	2	1	1	1	1	1	1	2	1
01_2019_2156	1	2	2	2	2	2	1	2	1	2	1	-9	2	2	2	1	2	2	2	1	2	2	2	2	1	1	2	2	1	-9	2	2	2	2	1	2	1	1	1	1	1	2	1	1	2	2	1	2	1	1	1	2	2	2	2	1	1	1	1	2	1	1	2	2	1	2	2	2	1	2	2	1	1	1	1	2	2	2	1	2	2	1	1	1	1	1	1	2	1	1	2	2	1	1	2	1	1	2	2	2
01_2019_2157	1	2	1	2	2	1	1	2	1	2	1	1	2	1	2	1	1	2	2	1	2	1	1	2	1	2	2	2	1	1	2	1	1	2	1	2	1	1	1	1	1	2	1	1	2	1	1	2	1	1	1	1	1	2	1	1	1	1	1	1	1	1	2	2	1	1	2	1	1	2	2	1	1	1	1	2	1	2	1	2	1	-9	1	1	1	1	1	1	1	2	2	2	1	2	2	1	1	2	2	1
01_2019_2157	1	2	2	2	2	2	1	2	1	2	1	1	2	2	2	1	2	2	2	1	2	2	2	2	1	2	2	2	1	1	2	2	1	2	1	2	1	1	1	1	2	2	1	1	2	2	1	2	1	1	2	2	2	2	2	1	2	1	1	1	1	2	2	2	1	2	2	2	1	2	2	1	1	2	1	2	2	2	1	2	2	-9	2	1	1	1	1	2	1	2	2	2	1	2	2	2	1	2	2	2
01_2019_2158	1	2	1	2	1	1	1	2	1	2	1	-9	1	1	-9	1	1	2	2	1	2	2	1	1	1	1	2	2	1	-9	2	2	1	1	2	2	1	1	1	1	2	2	1	1	1	1	1	2	1	1	1	2	2	2	2	1	1	1	1	1	1	2	2	2	2	2	2	1	1	2	2	1	1	1	1	2	2	1	1	2	1	2	2	1	1	1	1	1	1	1	2	2	1	1	1	1	1	1	1	1
01_2019_2158	1	2	2	2	2	1	1	2	1	2	1	-9	1	2	-9	1	2	2	2	1	2	2	2	1	1	2	2	2	1	-9	2	2	2	1	2	2	1	1	1	1	2	2	1	1	1	1	1	2	1	1	2	2	2	2	2	1	1	1	1	1	1	2	2	2	2	2	2	2	1	2	2	1	1	1	1	2	2	2	1	2	2	2	2	1	1	1	1	2	1	2	2	2	1	1	1	2	1	2	1	2
01_2019_2159	-9	2	1	2	1	2	1	2	1	2	1	1	1	1	2	1	1	2	1	1	2	2	1	1	1	1	2	2	1	1	2	1	2	1	1	2	1	1	1	1	1	2	1	1	1	1	-9	2	1	1	1	1	1	1	1	1	1	1	1	1	1	1	2	2	2	1	2	1	1	2	2	1	1	1	1	2	1	2	1	2	1	2	1	1	1	1	1	2	1	1	2	2	1	2	1	1	1	2	2	1
01_2019_2159	-9	2	1	2	2	2	1	2	1	2	1	1	1	2	2	1	2	2	2	1	2	2	2	1	1	2	2	2	1	1	2	2	2	2	1	2	1	1	1	1	2	2	1	1	2	2	-9	2	1	1	1	2	2	2	1	1	2	1	1	1	1	2	2	2	2	2	2	2	1	2	2	1	1	2	1	2	2	2	1	2	1	2	1	1	1	1	2	2	1	2	2	2	1	2	1	1	1	2	2	2
01_2019_2160	1	2	1	2	1	1	1	2	1	2	1	-9	1	2	2	1	1	2	2	1	2	1	1	1	1	1	2	2	1	1	2	1	1	1	2	2	1	1	1	1	1	2	1	1	1	1	1	2	1	1	1	1	2	1	1	1	1	1	1	2	1	1	2	2	1	1	2	1	1	2	2	1	1	1	1	2	2	2	1	2	1	2	1	1	1	1	2	1	1	1	2	2	1	1	1	1	1	1	2	1
01_2019_2160	1	2	2	2	2	2	1	2	1	2	1	-9	1	2	2	1	2	2	2	1	2	2	2	2	1	2	2	2	2	1	2	2	1	2	2	2	1	1	1	1	2	2	1	1	2	1	1	2	1	1	2	1	2	2	2	1	1	1	1	2	1	2	2	2	1	2	2	1	1	2	2	1	1	1	1	2	2	2	1	2	2	2	2	1	1	1	2	2	1	2	2	2	1	1	2	2	1	2	2	2
01_2019_2161	1	2	1	2	1	1	1	2	1	2	1	-9	1	2	-9	1	1	2	1	1	2	1	1	1	1	1	2	2	1	1	-9	1	2	1	2	2	1	-9	1	1	1	2	1	1	1	1	1	2	1	1	1	2	2	1	1	1	1	1	1	2	1	2	2	2	2	2	2	1	1	2	2	1	1	1	1	2	2	1	1	2	1	-9	1	1	1	1	1	1	1	1	2	2	1	1	1	1	1	2	2	1
01_2019_2161	1	2	2	2	2	2	1	2	1	2	1	-9	1	2	-9	1	2	2	2	1	2	2	2	2	1	2	2	2	2	1	-9	2	2	1	2	2	1	-9	1	1	1	2	1	1	2	2	1	2	1	1	2	2	2	2	1	1	1	1	1	2	1	2	2	2	2	2	2	2	1	2	2	1	1	1	1	2	2	2	1	2	2	-9	2	1	1	1	2	2	1	1	2	2	1	2	1	2	1	2	2	2
01_2019_2162	1	2	1	2	1	1	1	2	1	2	1	1	1	1	2	1	1	2	1	1	2	1	2	1	1	2	2	2	1	1	2	1	1	1	1	2	1	1	-9	1	1	2	1	1	1	2	1	2	1	1	1	1	1	1	2	1	2	1	1	2	1	1	2	2	1	1	2	1	1	2	2	1	1	1	1	2	1	1	1	2	1	2	2	1	1	1	1	2	1	1	2	2	1	1	1	1	1	1	1	2
01_2019_2162	1	2	2	2	2	1	1	2	1	2	1	1	2	2	2	1	2	2	2	1	2	2	2	2	1	2	2	2	2	1	2	2	1	2	2	2	1	1	-9	1	1	2	1	1	2	2	1	2	1	1	1	1	1	2	2	1	2	1	1	2	1	2	2	2	1	2	2	2	1	2	2	1	1	2	1	2	2	1	1	2	2	2	2	1	1	1	2	2	1	2	2	2	1	2	2	2	1	2	1	2
01_2019_2163	-9	2	2	2	2	1	1	2	1	2	1	1	1	1	-9	1	1	2	1	1	2	2	1	1	1	1	2	2	1	-9	2	1	1	2	1	2	1	-9	-9	1	1	2	1	1	1	1	1	2	1	1	1	1	1	2	1	1	2	1	1	1	1	2	2	2	2	1	2	1	1	2	2	1	1	2	1	2	1	1	1	2	1	2	1	1	1	1	1	2	1	1	2	2	1	1	1	2	1	2	2	2
01_2019_2163	-9	2	2	2	2	2	1	2	1	2	1	1	2	2	-9	1	2	2	2	1	2	2	2	1	1	1	2	2	2	-9	2	2	2	2	1	2	1	-9	-9	1	2	2	1	1	2	2	1	2	1	1	2	1	1	2	1	1	2	1	1	2	1	2	2	2	2	2	2	2	1	2	2	1	1	2	1	2	1	1	1	2	1	2	2	1	1	1	2	2	1	1	2	2	1	2	2	2	1	2	2	2
01_2019_2164	1	2	1	2	2	1	1	2	1	2	1	1	1	1	2	1	1	2	2	1	2	2	1	2	1	2	2	2	1	1	2	2	1	1	1	2	1	1	-9	1	1	2	1	1	1	1	1	2	1	1	1	1	1	1	2	1	1	1	1	1	1	1	2	2	1	1	2	1	1	2	2	1	1	2	1	2	1	2	1	2	1	2	2	1	1	1	1	1	1	2	2	2	1	1	1	1	1	1	1	1
01_2019_2164	1	2	2	2	2	1	1	2	1	2	1	1	2	1	2	1	2	2	2	1	2	2	2	2	1	2	2	2	1	1	2	2	2	1	1	2	1	1	-9	1	2	2	1	1	2	2	1	2	1	1	2	2	2	2	2	1	2	1	1	2	1	2	2	2	1	2	2	2	1	2	2	1	1	2	1	2	2	2	1	2	2	2	2	1	1	1	1	2	1	2	2	2	1	2	2	2	1	1	1	2
01_2019_2165	1	2	1	2	2	1	1	2	1	2	1	1	1	1	2	1	2	2	1	1	2	2	1	1	1	1	2	2	1	1	2	2	1	1	2	2	1	1	-9	1	1	2	1	1	1	2	1	2	1	1	2	1	1	2	1	1	1	1	1	1	1	1	2	2	1	2	2	1	1	2	2	1	1	2	1	2	1	1	1	2	1	-9	2	1	1	1	1	1	1	1	2	2	1	2	1	2	1	1	1	1
01_2019_2165	1	2	2	2	2	1	1	2	1	2	1	1	2	1	2	1	2	2	2	1	2	2	2	2	1	2	2	2	2	1	2	2	2	2	2	2	1	1	-9	1	2	2	1	1	2	2	1	2	1	1	2	1	2	2	1	1	2	1	1	2	1	2	2	2	1	2	2	2	1	2	2	1	1	2	1	2	1	2	1	2	2	-9	2	1	1	1	1	2	1	2	2	2	1	2	2	2	1	2	1	2
01_2019_2166	1	2	1	2	1	1	1	2	1	2	1	1	2	1	2	1	1	2	2	1	2	2	1	2	1	2	2	-9	2	1	-9	1	1	1	1	2	1	-9	1	1	2	2	1	1	2	1	1	2	1	1	2	1	1	1	1	1	1	1	1	1	1	1	2	2	1	1	2	1	1	2	2	1	1	1	1	2	1	2	1	2	1	-9	2	1	1	1	1	1	1	2	2	2	1	1	2	2	1	1	1	1
01_2019_2166	1	2	2	2	2	1	1	2	1	2	1	1	2	1	2	1	2	2	2	1	2	2	2	2	1	2	2	-9	2	1	-9	1	2	2	2	2	1	-9	1	1	2	2	1	1	2	2	1	2	1	1	2	2	2	1	2	1	2	1	1	2	1	1	2	2	1	1	2	2	1	2	2	1	1	2	1	2	2	2	1	2	2	-9	2	1	1	1	2	1	1	2	2	2	1	2	2	2	1	1	1	1
01_2019_2167	1	2	1	2	1	1	1	2	1	2	1	1	2	1	2	1	1	2	2	1	2	1	1	1	1	1	2	2	1	1	2	1	2	1	1	2	1	1	-9	1	2	2	1	1	1	1	1	2	1	1	2	1	1	2	1	1	2	1	1	1	1	1	2	2	1	2	2	1	1	2	2	1	1	1	1	2	1	2	1	2	1	2	1	1	1	1	1	2	1	1	2	2	1	1	2	1	1	1	2	2
01_2019_2167	1	2	1	2	2	2	1	2	1	2	1	1	2	2	2	1	2	2	2	1	2	1	1	2	1	2	2	2	1	1	2	2	2	2	1	2	1	1	-9	1	2	2	1	1	2	2	1	2	1	1	2	1	1	2	2	1	2	1	1	1	1	2	2	2	1	2	2	1	1	2	2	1	1	2	1	2	2	2	1	2	1	2	2	1	1	1	2	2	1	2	2	2	1	2	2	2	1	1	2	2
01_2019_2168	-9	2	2	2	1	1	1	2	1	2	1	-9	1	1	2	1	1	2	1	1	2	1	1	1	1	2	2	2	2	1	2	1	2	2	1	2	1	-9	1	1	2	2	1	1	1	1	1	2	1	1	2	1	1	1	1	1	1	1	1	2	1	1	2	2	2	1	2	1	1	2	2	1	1	1	1	2	1	1	1	2	2	2	1	1	1	1	2	1	1	1	2	2	1	2	1	2	1	1	2	1
01_2019_2168	-9	2	2	2	2	2	1	2	1	2	1	-9	1	2	2	1	2	2	2	1	2	2	2	2	1	2	2	2	2	1	2	1	2	2	2	2	1	-9	1	1	2	2	1	1	2	1	1	2	1	1	2	1	2	2	2	1	2	1	1	2	1	2	2	2	2	1	2	1	1	2	2	1	1	2	1	2	2	2	1	2	2	2	2	1	1	1	2	2	1	2	2	2	1	2	1	2	1	2	2	2
01_2019_2169	1	2	1	2	1	1	1	2	1	2	1	1	2	1	-9	1	1	2	1	1	2	1	2	1	1	1	2	2	1	1	2	2	1	1	1	2	1	1	1	1	2	2	1	1	1	1	-9	2	1	1	1	2	2	2	1	1	1	1	1	1	1	2	2	2	2	2	2	1	1	2	2	1	1	1	1	2	1	2	1	2	2	-9	2	1	1	1	1	1	1	1	2	2	1	1	2	1	1	1	1	1
01_2019_2169	1	2	2	2	2	1	1	2	1	2	1	1	2	2	-9	1	2	2	2	1	2	2	2	1	1	2	2	2	2	1	2	2	2	2	1	2	1	1	1	1	2	2	1	1	1	2	-9	2	1	1	2	2	2	2	2	1	1	1	1	2	1	2	2	2	2	2	2	2	1	2	2	1	1	2	1	2	2	2	1	2	2	-9	2	1	1	1	2	2	1	2	2	2	1	2	2	1	1	2	1	2
01_2019_2236	-9	2	1	2	2	1	1	1	1	1	1	2	2	1	1	1	1	2	1	1	1	1	1	1	2	2	2	-9	1	1	1	2	1	1	1	1	1	-9	1	1	1	1	1	1	1	1	1	2	1	1	2	1	1	1	1	1	1	1	2	1	1	1	1	2	1	1	2	1	1	1	1	1	1	2	1	2	1	1	1	1	1	-9	1	1	1	1	1	2	1	2	2	1	1	1	2	2	1	1	2	1
01_2019_2236	-9	2	2	2	2	2	1	1	1	1	1	2	2	1	2	1	1	2	2	1	2	1	1	1	2	2	2	-9	1	1	1	2	2	2	2	1	1	-9	1	1	2	2	2	1	1	1	1	2	1	1	2	1	1	1	1	1	2	1	2	2	2	1	2	2	1	2	2	2	2	2	1	1	2	2	1	2	1	1	1	2	2	-9	2	2	1	1	1	2	2	2	2	1	1	2	2	2	1	1	2	1
01_2019_2237	-9	2	1	2	2	2	-9	1	-9	1	1	2	2	1	1	1	-9	2	2	1	1	1	1	1	2	2	2	-9	1	1	-9	2	2	1	1	1	1	-9	1	1	2	1	1	1	1	1	1	2	1	1	2	1	1	1	1	1	1	1	2	1	1	1	2	2	1	1	2	1	1	1	1	1	1	2	1	2	1	1	1	2	1	-9	1	2	1	1	1	2	1	2	2	1	1	1	2	2	1	1	2	1
01_2019_2237	-9	2	2	2	2	2	-9	1	-9	1	1	2	2	1	2	1	-9	2	2	1	2	1	1	1	2	2	2	-9	1	1	-9	2	2	2	1	1	1	-9	1	1	2	1	1	1	1	1	1	2	1	1	2	1	1	1	1	1	2	1	2	2	2	1	2	2	1	2	2	2	2	2	1	1	2	2	1	2	1	1	1	2	1	-9	1	2	1	1	1	2	2	2	2	1	1	2	2	2	1	1	2	1
01_2019_2238	-9	2	2	2	2	1	1	1	1	1	1	2	2	1	1	1	-9	2	1	1	1	1	1	1	2	2	2	-9	1	2	-9	2	1	1	1	1	1	-9	1	1	1	1	1	1	1	1	1	2	1	1	2	1	1	1	1	1	1	1	2	1	1	1	1	2	1	1	2	1	1	1	1	1	1	2	1	2	1	1	1	1	2	-9	1	1	1	1	1	2	1	2	2	1	1	1	2	2	1	1	-9	1
01_2019_2238	-9	2	2	2	2	2	1	1	1	1	1	2	2	1	2	1	-9	2	1	1	1	1	1	1	2	2	2	-9	1	2	-9	2	2	2	2	1	1	-9	1	1	2	2	2	1	1	1	1	2	1	1	2	1	1	1	1	1	2	1	2	2	1	1	2	2	1	1	2	2	2	2	1	1	1	2	1	2	1	1	1	1	2	-9	2	2	1	1	1	2	2	2	2	1	1	1	2	2	1	1	-9	1
01_2019_2239	-9	2	1	2	2	1	1	1	-9	1	1	2	2	1	1	1	1	2	1	1	1	1	1	1	2	2	2	-9	1	1	-9	2	1	1	1	1	1	-9	1	1	1	1	2	1	1	1	1	-9	1	1	2	1	1	1	1	1	1	1	2	1	1	1	1	2	1	1	2	1	1	1	1	1	1	2	1	2	1	1	1	1	1	-9	1	1	1	1	1	2	1	2	2	1	1	2	2	2	1	1	2	1
01_2019_2239	-9	2	2	2	2	2	1	1	-9	1	1	2	2	1	2	1	1	2	2	1	2	1	1	1	2	2	2	-9	1	1	-9	2	2	2	2	1	1	-9	1	1	2	2	2	1	1	1	1	-9	1	1	2	1	1	1	1	1	2	1	2	2	2	1	2	2	1	2	2	2	2	2	1	1	2	2	1	2	1	1	1	2	2	-9	2	2	1	1	1	2	2	2	2	1	1	2	2	2	1	1	2	1
01_2019_2171	1	2	1	1	2	1	1	1	1	2	1	2	1	1	2	1	2	1	1	1	1	1	1	2	1	1	1	1	1	1	1	1	1	1	1	2	1	1	1	1	1	1	1	1	2	2	2	1	1	1	1	1	1	1	1	1	1	1	1	1	1	1	1	1	1	1	1	1	1	1	2	1	1	1	1	1	1	1	1	1	2	2	1	1	1	1	1	1	1	1	2	1	1	1	2	1	1	1	2	1
01_2019_2171	1	2	2	1	2	2	1	1	2	2	1	2	2	1	2	2	-9	2	2	1	2	2	2	2	1	1	1	1	2	1	1	1	1	2	2	2	1	1	1	2	1	2	2	1	2	2	2	1	2	1	2	2	1	2	2	1	2	2	2	2	2	1	2	1	1	1	1	1	2	2	2	1	1	1	1	2	2	1	1	2	2	2	1	1	1	2	2	2	2	2	2	2	2	2	2	2	1	1	2	2
01_2019_2172	1	2	1	1	2	1	1	1	1	2	1	2	1	-9	2	2	2	2	1	1	1	1	1	2	1	1	1	1	1	1	1	1	1	1	1	2	1	1	1	1	1	1	2	1	2	2	1	1	1	1	2	2	1	1	2	1	1	1	1	1	1	1	1	-9	1	1	1	1	1	1	2	1	1	1	1	2	1	1	1	2	2	2	1	1	1	1	1	2	1	1	2	1	1	1	2	1	1	1	2	2
01_2019_2172	1	2	2	1	2	2	1	1	2	2	1	2	2	-9	2	2	-9	2	2	1	2	2	1	2	1	1	1	1	2	1	1	1	1	2	2	2	1	1	1	2	1	2	2	1	2	2	1	1	2	1	2	2	1	2	2	1	2	2	1	2	2	1	2	-9	1	1	1	1	1	2	2	1	1	1	1	2	2	1	1	2	2	2	1	1	1	2	2	2	2	2	2	1	1	2	2	2	1	1	2	2
01_2019_2173	-9	2	1	1	2	2	1	1	2	2	1	2	2	1	2	1	2	2	1	1	1	1	1	2	1	1	1	-9	2	2	1	1	1	1	1	2	1	-9	1	1	1	1	1	1	2	2	1	1	1	1	1	1	1	1	1	1	2	2	1	1	1	1	1	1	1	1	1	1	1	2	2	1	1	1	1	1	2	1	1	1	2	2	1	1	1	1	2	1	1	1	2	1	2	1	1	2	1	1	-9	1
01_2019_2173	-9	2	2	1	2	2	1	1	2	2	1	2	2	1	2	2	-9	2	1	1	2	2	2	2	1	1	1	-9	2	2	1	1	1	2	1	2	1	-9	1	2	1	2	1	1	2	2	1	1	2	1	2	2	1	1	1	1	2	2	2	2	2	1	1	1	1	1	1	1	2	2	2	1	1	1	1	2	2	1	1	1	2	2	1	1	1	2	2	2	2	2	2	2	2	1	1	2	1	1	-9	2
01_2019_2174	1	2	1	1	2	2	1	1	1	2	1	2	1	1	2	1	2	1	1	1	2	1	1	2	1	1	2	1	1	2	1	1	1	1	2	2	1	1	1	1	1	1	1	1	2	2	-9	1	1	1	1	1	1	2	1	1	1	1	2	1	2	1	1	1	1	1	1	1	2	1	2	1	1	1	1	1	1	1	1	1	2	2	1	1	1	1	2	1	1	1	2	1	1	1	2	1	1	1	2	1
01_2019_2174	1	2	1	1	2	2	1	1	1	2	1	2	2	1	2	2	2	2	2	1	2	1	2	2	1	1	2	1	1	2	1	1	1	2	2	2	1	1	1	2	1	1	2	1	2	2	-9	1	2	1	2	2	1	2	1	1	1	2	2	2	2	1	2	1	1	1	1	1	2	2	2	1	1	1	1	1	1	1	1	1	2	2	1	1	1	1	2	2	2	2	2	1	2	2	-9	2	1	1	2	2
01_2019_2175	-9	2	1	1	2	2	1	1	1	2	1	2	1	1	2	2	2	1	2	1	1	1	2	2	1	1	2	-9	2	2	1	1	1	1	1	2	1	-9	1	1	1	1	2	1	2	2	1	1	1	1	1	1	1	1	1	1	1	2	1	1	1	1	1	-9	1	1	1	1	1	2	-9	1	1	1	1	1	1	1	1	1	2	2	1	1	1	2	1	1	1	1	2	1	1	2	2	1	1	1	2	1
01_2019_2175	-9	2	2	1	2	2	1	1	1	2	1	2	2	1	2	2	-9	2	2	1	1	1	2	2	1	1	2	-9	2	2	1	1	1	2	2	2	1	-9	1	2	1	1	2	1	2	2	1	1	1	1	1	2	1	1	1	1	1	2	1	2	2	1	2	-9	1	1	1	1	2	2	-9	1	1	1	1	2	1	1	1	2	2	2	1	1	1	2	2	2	2	2	2	1	1	2	2	1	1	1	2	2
01_2019_2176	1	2	2	1	2	1	1	1	1	2	1	2	2	1	2	2	1	2	1	1	2	2	1	2	1	1	1	-9	2	1	1	1	1	1	1	2	1	1	1	2	1	2	1	1	2	2	1	1	2	1	1	1	1	1	1	1	1	1	1	2	1	1	1	-9	1	1	1	1	1	1	2	1	1	1	1	2	1	1	1	1	2	2	1	1	1	1	1	2	2	1	2	1	1	1	2	1	1	1	2	2
01_2019_2176	1	2	2	1	2	1	1	1	2	2	1	2	2	1	2	2	2	2	2	1	2	2	2	2	1	1	1	-9	2	1	1	1	1	2	2	2	1	1	1	2	1	2	2	1	2	2	1	1	2	1	1	2	1	1	2	1	2	1	2	2	1	1	1	-9	1	1	1	1	1	1	2	1	1	1	1	2	1	1	1	2	2	2	1	1	1	1	2	2	2	2	2	2	2	1	2	2	1	1	2	2
01_2019_2177	-9	2	1	1	2	1	1	1	1	2	1	2	1	1	2	1	2	1	1	1	1	1	1	2	1	1	1	1	1	2	1	1	1	1	1	2	1	-9	1	1	1	1	2	1	2	2	-9	1	1	1	1	1	1	1	1	1	1	2	1	1	1	1	1	1	1	1	1	1	1	2	2	1	1	1	1	1	1	1	1	1	2	2	1	1	1	1	2	1	1	2	2	1	1	2	2	1	1	1	2	1
01_2019_2177	-9	2	2	1	2	2	1	1	2	2	1	2	2	1	2	2	-9	1	2	1	2	2	2	2	1	1	1	1	2	2	1	1	1	2	2	2	1	-9	1	2	1	2	2	1	2	2	-9	1	1	1	2	2	1	2	1	1	2	2	1	1	2	1	2	1	1	1	1	1	2	2	2	1	1	1	1	2	2	1	1	1	2	2	1	1	1	2	2	2	2	2	2	2	1	2	2	2	1	1	2	2
01_2019_2178	-9	2	2	1	2	1	1	1	1	2	1	2	1	1	2	1	2	2	1	1	2	1	1	2	1	1	1	1	1	2	1	1	1	2	1	2	1	-9	1	1	1	1	1	1	2	2	1	1	1	1	2	1	1	1	1	1	1	1	1	1	1	1	1	-9	1	1	1	1	1	1	2	1	1	1	1	1	1	1	1	1	2	2	1	1	1	1	2	1	1	1	2	1	2	1	2	1	1	1	-9	2
01_2019_2178	-9	2	2	1	2	2	1	1	2	2	1	2	2	1	2	2	-9	2	2	1	2	2	2	2	1	1	1	1	1	2	1	1	1	2	1	2	1	-9	1	1	1	2	1	1	2	2	1	1	1	1	2	1	1	2	2	1	2	2	1	1	1	1	2	-9	1	1	1	1	2	2	2	1	1	1	1	2	1	1	1	2	2	2	1	1	1	1	2	2	1	2	2	2	2	2	2	2	1	1	-9	2
01_2019_2179	1	2	1	1	2	1	1	1	1	2	1	2	1	1	2	1	2	1	2	1	1	1	1	2	1	1	1	1	2	2	1	1	1	1	2	2	1	1	1	1	1	1	1	1	2	2	1	1	1	1	2	1	1	1	1	1	1	1	1	1	1	1	1	1	1	1	1	1	1	1	2	1	1	1	1	1	1	1	1	1	2	2	1	1	1	1	1	1	1	2	2	1	1	2	2	1	1	1	2	1
01_2019_2179	1	2	2	1	2	2	1	1	2	2	1	2	2	1	2	2	-9	2	2	1	2	1	2	2	1	1	1	1	2	2	1	1	1	1	2	2	1	1	1	2	1	1	2	1	2	2	1	1	1	1	2	2	1	1	2	1	2	1	2	2	2	1	2	1	1	1	1	1	2	1	2	1	1	1	1	2	2	1	1	2	2	2	1	1	1	2	2	2	2	2	2	2	2	2	2	2	1	1	2	2
01_2019_2241	-9	2	1	2	1	1	1	1	2	1	1	1	2	1	1	1	2	1	1	1	1	1	-9	1	1	1	1	2	1	1	1	1	1	1	1	2	1	1	2	1	1	1	1	1	1	1	1	2	1	2	1	1	1	1	1	2	1	1	1	1	1	1	1	2	1	1	1	1	1	2	2	1	1	1	1	2	-9	2	2	2	2	2	1	1	1	1	1	1	1	1	1	1	1	1	1	1	1	1	2	1
01_2019_2241	-9	2	2	2	2	2	1	1	2	2	1	2	2	2	2	1	2	1	2	1	2	2	-9	1	2	1	1	2	1	1	1	2	1	2	1	2	1	1	2	2	1	1	1	1	1	2	1	2	1	2	2	1	2	2	2	2	2	2	1	2	1	1	2	2	1	2	1	2	1	2	2	2	1	1	1	2	-9	2	2	2	2	2	1	1	1	1	1	2	1	2	2	2	1	1	1	2	1	1	2	2
01_2019_2259	1	1	2	2	2	2	1	1	1	1	1	1	1	1	1	2	-9	1	1	1	1	1	1	1	1	1	2	2	1	1	2	1	1	1	1	2	1	-9	1	1	2	2	1	1	1	2	1	1	1	1	1	1	1	1	1	1	1	1	1	1	2	1	1	2	1	1	1	1	1	1	1	2	1	1	1	2	1	1	1	1	1	1	1	2	2	1	1	1	1	1	2	1	1	2	1	2	1	2	2	1
01_2019_2259	1	1	2	2	2	2	1	2	1	1	1	2	1	1	2	2	-9	2	2	1	2	1	1	1	2	1	2	2	1	1	2	2	1	2	1	2	1	-9	1	1	2	2	1	1	1	2	1	1	2	2	2	2	1	1	1	2	2	1	1	2	2	1	1	2	1	1	2	2	2	1	2	2	2	2	1	2	2	2	1	2	2	2	1	2	2	1	1	2	2	2	2	1	2	2	1	2	1	2	2	1
01_2019_2264	1	2	1	2	2	2	1	1	1	1	1	2	1	1	1	1	-9	1	1	2	1	1	1	1	1	1	1	1	1	1	-9	1	1	1	1	1	1	1	1	1	1	1	2	1	1	2	1	1	1	1	2	1	1	1	1	1	2	2	1	1	1	-9	1	-9	1	1	1	1	2	1	1	1	1	1	1	1	2	1	1	2	2	1	1	1	1	1	1	1	2	1	1	1	1	1	1	1	2	2	2	2
01_2019_2264	1	2	1	2	2	2	1	1	1	2	1	2	1	1	2	1	-9	2	2	2	1	2	1	2	2	1	1	1	2	1	-9	1	1	2	2	1	1	2	2	2	1	2	2	2	1	2	1	1	1	1	2	1	1	2	2	1	2	2	2	1	1	-9	2	-9	1	1	1	1	2	2	1	1	2	1	1	2	2	1	1	2	2	1	1	2	1	1	2	2	2	2	2	1	1	2	2	2	2	2	2	2
01_2019_2262	1	1	1	1	1	2	1	1	1	1	1	1	2	1	1	1	-9	1	1	1	1	1	1	1	1	1	1	2	1	1	1	1	1	1	1	1	1	-9	2	1	1	2	1	2	1	1	1	1	1	1	1	1	1	1	1	2	2	1	1	1	1	1	1	1	1	1	1	1	1	1	1	1	1	1	1	2	1	2	1	1	2	-9	1	2	1	1	1	2	1	1	1	1	1	1	1	1	1	1	-9	2
01_2019_2262	1	2	1	2	1	2	1	1	2	2	1	1	2	2	2	2	-9	2	1	2	2	1	1	1	1	1	1	2	2	1	1	1	1	1	1	2	2	-9	2	1	1	2	1	2	2	2	1	1	1	1	2	2	1	1	1	2	2	2	1	2	1	1	1	2	1	2	1	2	2	2	1	2	1	1	1	2	2	2	2	2	2	-9	1	2	1	1	1	2	1	2	1	2	2	1	2	2	1	1	-9	2
01_2019_2263	1	1	1	2	1	2	-9	1	-9	1	1	1	1	1	1	1	-9	1	1	1	1	1	-9	2	1	1	1	-9	1	2	-9	1	1	1	1	2	1	1	1	1	1	1	1	1	-9	2	1	2	1	1	1	1	1	1	1	1	2	1	1	2	1	1	1	1	1	1	1	1	2	2	-9	1	1	1	1	1	1	1	1	1	1	1	1	1	1	1	1	1	2	1	2	1	1	1	1	1	1	1	1	2
01_2019_2263	1	2	2	2	2	2	-9	1	-9	2	1	1	2	2	1	2	-9	2	2	2	2	2	-9	2	1	1	1	-9	2	2	-9	1	2	2	1	2	1	1	2	1	1	2	1	1	-9	2	1	2	2	2	2	1	1	1	1	2	2	2	2	2	2	1	2	1	1	1	2	2	2	2	-9	2	1	1	1	2	2	1	1	2	2	2	1	1	1	1	2	2	2	2	2	2	2	2	1	1	1	2	1	2
01_2019_2266	1	2	1	1	1	1	-9	1	1	1	1	1	1	1	1	1	2	1	1	1	1	1	1	1	2	1	2	1	1	1	1	1	1	1	2	2	1	1	1	1	1	1	1	1	1	1	1	1	1	1	2	1	1	1	1	1	1	1	1	1	1	1	2	2	1	1	1	1	1	1	1	1	1	1	1	1	1	2	1	1	2	-9	1	1	1	1	1	1	2	1	1	1	1	1	1	2	1	1	2	2
01_2019_2266	1	2	2	2	2	2	-9	2	1	2	2	2	2	2	1	1	2	1	2	2	1	2	2	2	2	1	2	1	1	1	1	2	1	1	2	2	1	2	2	1	1	2	1	1	2	2	1	1	1	2	2	1	1	2	2	1	2	2	2	2	2	1	2	2	1	2	1	2	2	2	1	2	1	2	2	2	2	2	2	2	2	-9	2	1	2	1	2	2	2	2	2	2	2	2	1	2	1	1	2	2
01_2019_2234	-9	1	1	1	1	1	-9	1	1	1	1	1	1	1	2	1	-9	1	1	1	1	1	1	1	1	1	1	1	1	1	1	1	2	1	1	1	1	-9	1	1	1	1	1	1	1	2	1	1	1	1	1	1	1	1	1	1	1	1	1	1	1	1	2	2	2	1	1	1	1	1	1	1	1	1	1	1	1	1	1	1	2	-9	1	1	1	1	1	2	2	2	2	1	2	2	1	1	1	1	2	1
01_2019_2234	-9	2	2	2	2	2	-9	2	1	2	1	1	1	1	2	2	-9	2	2	2	2	1	1	2	1	1	2	1	2	1	1	1	2	1	2	2	1	-9	1	1	2	1	1	1	2	2	1	1	2	1	1	1	2	2	2	1	2	1	1	2	2	1	2	2	2	2	2	1	2	2	1	1	1	1	2	2	2	2	1	1	2	-9	2	1	1	1	2	2	2	2	2	2	2	2	1	2	1	1	2	2
01_2019_2233	1	1	1	2	1	1	1	1	1	1	1	2	1	-9	1	1	1	2	2	1	1	1	1	2	1	1	1	2	1	1	1	1	1	2	1	1	1	1	2	1	1	1	1	1	1	1	1	1	1	1	2	1	1	1	1	1	2	1	1	2	1	1	1	2	1	1	2	1	1	1	2	1	1	1	1	1	1	1	1	1	1	1	1	1	1	1	1	2	1	1	2	1	1	1	2	2	1	1	2	1
01_2019_2233	1	2	2	2	2	2	1	1	1	1	1	2	2	-9	2	2	2	2	2	1	1	1	1	2	1	1	1	2	1	1	1	2	2	2	2	1	1	1	2	1	1	2	2	1	1	2	1	1	2	1	2	1	1	1	1	1	2	1	1	2	1	2	1	2	1	1	2	1	1	1	2	1	2	2	1	2	2	1	1	2	2	1	1	2	1	2	1	2	2	2	2	2	2	2	2	2	2	1	2	2
01_2019_2229	1	2	2	2	1	2	1	1	1	2	1	2	2	1	2	1	1	1	1	1	1	1	1	1	1	1	2	1	1	1	1	2	2	2	2	1	1	1	1	1	1	2	1	1	1	1	-9	1	1	1	1	1	1	1	1	1	1	1	1	1	1	2	1	1	1	1	2	1	1	1	2	1	1	1	1	2	1	1	1	1	1	-9	1	1	1	1	1	1	1	2	2	1	1	1	1	2	1	1	2	1
01_2019_2229	1	2	2	2	1	2	2	2	2	2	2	2	2	2	2	2	2	2	2	2	1	1	1	1	1	2	2	1	1	1	1	2	2	2	2	2	1	1	1	1	1	2	2	1	1	1	-9	1	1	2	2	1	1	2	1	2	2	2	1	2	1	2	2	2	1	2	2	2	2	1	2	1	2	1	1	2	2	2	1	1	1	-9	1	2	1	1	1	2	1	2	2	2	2	2	1	2	2	1	2	2
01_2019_2185	1	1	2	1	2	2	1	1	2	1	1	1	1	1	2	2	1	1	1	1	2	2	-9	1	1	1	2	-9	1	1	-9	1	1	1	1	2	1	1	2	2	2	1	1	1	1	2	1	1	2	1	1	1	2	1	1	2	1	2	1	2	1	1	1	1	1	2	2	1	1	2	1	2	2	1	1	2	1	1	1	1	2	2	1	2	1	1	1	2	2	2	2	1	1	2	2	2	1	2	2	2
01_2019_2185	1	1	2	1	2	2	1	1	-9	2	1	1	1	1	2	2	1	1	1	1	2	2	-9	2	2	1	2	-9	1	1	-9	2	1	1	1	2	2	2	2	2	2	1	1	1	1	2	1	1	2	1	1	1	2	2	1	2	1	2	2	2	2	1	2	2	1	2	2	2	2	2	1	2	2	2	1	2	2	1	1	1	2	2	1	2	2	1	2	2	2	2	2	1	2	2	2	2	1	2	2	2
01_2019_2242	1	1	1	2	2	1	1	1	1	1	1	1	1	1	1	1	2	1	1	1	1	1	1	1	1	1	1	1	1	2	2	1	1	2	1	1	1	1	1	1	2	1	1	1	1	1	1	1	1	1	2	2	1	1	1	1	1	1	1	1	1	1	1	2	1	1	1	1	1	1	1	1	1	1	1	1	1	1	1	2	2	1	1	1	1	1	1	1	2	1	2	2	1	1	1	1	1	1	2	2
01_2019_2242	1	2	2	2	2	2	1	1	1	2	1	2	2	1	2	1	2	2	2	1	2	1	2	2	1	1	1	1	1	2	2	1	1	2	2	2	1	2	1	1	2	1	1	1	1	1	1	1	1	2	2	2	1	2	1	2	2	2	1	2	1	1	2	2	2	1	1	1	2	1	2	2	2	1	1	1	2	1	1	2	2	1	1	1	1	1	1	2	2	2	2	2	2	2	1	2	1	2	2	2
01_2019_2243	-9	1	2	2	2	1	1	1	1	1	1	2	1	1	1	1	2	1	1	1	1	1	1	1	1	1	2	1	1	2	1	1	1	2	2	2	1	1	1	1	2	1	1	1	1	1	1	1	1	1	2	2	1	1	1	1	1	1	1	1	1	1	1	2	2	1	1	1	1	1	1	1	1	1	1	1	1	1	1	2	2	1	1	1	1	1	1	1	2	1	2	2	1	1	1	1	1	1	2	2
01_2019_2243	-9	2	2	2	2	1	1	1	1	2	1	2	2	1	2	1	2	2	1	1	1	1	2	2	1	1	2	1	1	2	1	1	1	2	2	2	1	2	1	1	2	1	1	1	1	1	1	1	1	2	2	2	1	2	1	2	2	2	1	2	1	1	1	2	2	1	1	1	2	1	1	1	1	1	1	1	2	1	1	2	2	1	1	1	1	1	1	2	2	2	2	2	2	2	1	2	1	2	2	2
01_2019_2244	1	2	1	2	1	1	1	1	1	2	1	1	2	2	2	1	1	1	1	1	1	1	1	1	1	1	1	1	2	1	1	1	1	1	1	2	1	1	1	1	1	1	1	1	-9	1	1	1	1	1	1	1	1	1	1	2	1	2	1	1	1	1	1	1	1	1	1	1	1	1	2	1	1	1	2	1	1	1	1	1	2	-9	1	1	1	1	2	1	1	2	1	1	1	1	1	2	1	1	2	1
01_2019_2244	2	2	2	2	1	2	1	1	1	2	1	2	2	2	2	1	2	2	2	1	2	1	1	1	1	1	1	1	2	1	2	1	1	2	2	2	1	1	1	1	1	1	1	2	-9	2	1	1	1	1	2	1	1	2	2	2	2	2	1	2	2	1	1	1	1	1	2	2	1	2	2	2	2	1	2	2	1	1	2	2	2	-9	1	1	1	2	2	2	2	2	1	1	1	1	1	2	1	2	2	2
01_2019_2245	1	2	1	2	1	1	1	1	1	2	1	1	2	2	2	1	1	1	1	1	1	1	1	1	1	1	1	1	2	1	1	1	1	1	1	2	1	1	1	1	1	1	1	1	-9	1	1	1	1	1	1	1	1	1	1	2	1	2	1	1	1	1	1	1	1	1	1	1	1	1	2	1	1	1	2	1	1	1	1	1	2	-9	1	1	1	1	2	1	1	2	1	1	1	1	1	2	1	1	1	1
01_2019_2245	2	2	2	2	1	2	1	1	1	2	1	2	2	2	2	1	2	2	2	1	2	1	1	1	1	1	1	1	2	1	2	1	1	2	2	2	1	1	1	1	1	1	1	2	-9	2	1	1	1	1	2	1	1	2	2	2	2	2	1	2	2	1	1	1	1	1	2	2	1	2	2	2	2	1	2	2	1	1	2	2	2	-9	1	1	1	2	2	2	2	2	1	1	1	1	1	2	1	2	1	2
01_2019_2240	1	1	1	2	1	2	1	1	1	1	1	1	1	1	1	1	-9	2	1	1	1	1	1	1	1	2	1	2	1	2	1	1	2	1	1	1	1	-9	2	1	1	1	1	1	1	1	1	1	1	1	1	1	1	1	1	1	2	1	1	1	2	1	1	1	1	1	1	1	1	1	1	1	1	1	1	1	1	1	1	1	2	-9	1	1	1	1	1	1	1	1	1	1	1	1	1	1	2	1	2	1
01_2019_2240	1	2	1	2	1	2	2	2	1	2	2	2	2	1	1	2	-9	2	2	1	2	1	1	2	2	2	1	2	1	2	1	2	2	1	2	2	1	-9	2	1	2	2	2	1	2	1	1	1	1	2	1	2	1	2	1	1	2	1	2	2	2	1	1	2	1	2	2	1	1	2	1	1	1	2	1	2	1	2	2	1	2	-9	1	1	1	1	2	2	1	1	2	2	2	1	1	2	2	1	2	2
01_2019_2235	-9	2	1	2	1	1	1	1	-9	1	1	2	2	1	1	2	1	2	1	1	1	1	1	1	2	1	1	-9	1	1	1	1	2	1	1	1	1	1	-9	1	1	2	1	1	1	1	1	1	1	1	1	1	1	1	1	1	2	1	1	1	2	1	1	2	1	1	2	1	1	1	1	1	1	1	1	2	1	2	1	1	2	-9	1	1	1	1	1	1	1	2	2	2	1	1	1	2	1	1	2	1
01_2019_2235	-9	2	1	2	2	2	1	2	-9	1	1	2	2	1	2	2	1	2	2	1	2	1	1	2	2	2	1	-9	1	1	1	2	2	2	2	2	1	1	-9	1	2	2	2	1	1	2	1	1	1	2	2	1	1	1	1	1	2	1	2	1	2	1	2	2	1	2	2	1	2	1	1	1	1	2	1	2	1	2	1	1	2	-9	2	1	1	1	1	2	2	2	2	2	1	1	2	2	2	1	2	1
01_2019_2136	1	2	2	2	1	1	1	2	1	2	1	1	1	1	2	1	1	2	1	1	2	1	1	1	1	2	2	-9	2	1	2	1	1	1	1	2	1	1	-9	1	1	2	1	1	1	2	1	2	1	1	1	1	1	1	1	1	2	1	1	1	1	1	2	2	2	1	2	1	1	2	2	1	1	2	1	2	1	1	1	2	1	-9	2	1	1	1	2	1	1	2	2	2	1	1	1	1	1	2	1	1
01_2019_2136	1	2	2	2	2	1	1	2	1	2	1	1	1	1	2	1	2	2	2	1	2	2	1	2	1	2	2	-9	2	1	2	2	1	2	2	2	1	1	-9	1	2	2	1	1	2	2	1	2	1	1	2	2	2	1	2	1	2	1	1	1	1	2	2	2	2	2	2	2	1	2	2	1	1	2	1	2	1	2	1	2	1	-9	2	1	1	1	2	1	1	2	2	2	1	2	1	2	1	2	1	2
01_2019_2125	-9	1	1	1	1	1	1	1	1	1	1	2	1	1	2	1	2	2	1	1	1	1	1	2	2	1	1	2	1	2	2	1	1	2	1	1	1	1	2	1	1	1	1	1	2	2	1	2	1	1	1	1	1	1	1	1	1	2	1	2	2	1	1	1	1	2	1	1	1	1	1	1	1	1	1	1	1	1	2	1	1	1	1	1	1	1	1	1	1	1	1	1	1	1	1	2	1	1	2	1
01_2019_2125	-9	1	1	1	2	1	1	1	1	1	1	2	1	2	2	2	2	2	1	1	1	2	1	2	2	1	1	2	1	2	2	1	1	2	1	1	1	1	2	1	1	2	1	2	2	2	1	2	1	2	1	1	1	1	1	1	1	2	1	2	2	1	1	1	1	2	1	2	1	1	1	2	1	1	1	1	1	2	2	2	2	2	1	1	2	1	1	1	1	1	1	1	1	1	1	2	1	1	2	1
01_2019_2170	1	2	1	2	1	1	1	2	1	2	1	-9	1	2	2	1	-9	2	1	1	2	2	1	1	1	1	2	2	1	-9	-9	1	1	2	1	2	1	-9	1	1	1	2	1	1	1	1	2	-9	1	1	1	1	1	1	1	1	1	1	1	1	1	1	2	2	1	1	2	1	1	2	2	1	1	1	1	2	1	2	1	2	1	2	2	1	1	1	1	2	1	2	2	2	1	1	1	1	1	1	-9	2
01_2019_2170	1	2	2	2	2	1	1	2	1	2	1	-9	2	2	2	1	-9	2	2	1	2	2	1	1	1	1	2	2	1	-9	-9	2	2	2	2	2	1	-9	1	1	2	2	1	1	1	2	2	-9	1	1	2	2	2	2	1	1	2	1	1	2	1	2	2	2	1	2	2	2	1	2	2	1	1	2	1	2	2	2	1	2	2	2	2	1	1	1	1	2	1	2	2	2	1	2	2	2	1	2	-9	2
01_2019_2269	2	2	1	1	1	1	-9	1	1	1	1	2	1	1	2	2	2	2	2	1	1	1	1	2	2	1	1	2	1	2	2	1	1	2	2	1	1	1	2	1	1	1	1	2	2	2	1	1	1	1	1	1	1	1	1	1	-9	2	2	1	2	1	1	2	-9	1	1	1	1	1	2	1	1	1	1	1	-9	1	1	2	2	2	1	1	2	2	1	1	1	1	1	1	1	1	1	2	2	1	2	1
01_2019_2269	2	2	2	2	1	2	-9	1	1	1	1	2	1	2	2	2	2	2	2	1	1	1	1	2	2	1	1	2	1	2	2	1	1	2	2	1	1	1	2	1	1	2	1	2	2	2	1	1	2	1	1	1	1	2	1	1	-9	2	2	1	2	1	1	2	-9	2	1	2	2	1	2	1	1	1	1	1	-9	1	2	2	2	2	1	1	2	2	1	1	1	1	1	2	2	1	1	2	2	1	2	1
01_2019_2270	1	1	1	2	1	1	1	1	1	1	1	1	2	2	2	1	1	1	1	1	1	2	1	1	1	1	1	2	1	1	-9	1	1	1	1	2	1	1	1	1	1	1	1	1	1	1	1	1	1	1	1	1	1	1	1	1	2	1	1	1	1	1	1	2	1	1	1	1	1	1	1	1	1	1	1	1	1	1	1	1	1	2	1	1	1	1	1	1	1	1	1	1	2	1	1	1	1	1	2	-9
01_2019_2270	1	2	2	2	2	2	1	1	1	2	1	1	2	2	2	2	2	2	1	2	1	2	1	2	1	1	1	2	1	1	-9	2	2	1	1	2	1	2	2	1	1	1	1	1	1	1	1	1	1	2	1	1	2	2	1	1	2	1	1	2	1	1	2	2	1	2	2	1	2	2	2	1	2	1	1	2	1	1	2	2	2	2	2	1	1	1	1	2	1	2	2	2	2	1	2	1	1	1	2	-9
