gtypes created on 2023-07-11 18:23:06
LOC1, LOC2, LOC3, LOC4, LOC5, LOC6, LOC7, LOC8, LOC9, LOC10, LOC11, LOC12, LOC13, LOC14, LOC15, LOC16, LOC17, LOC18, LOC19, LOC20, LOC21, LOC22, LOC23, LOC24, LOC25, LOC26, LOC27, LOC28, LOC29, LOC30, LOC31, LOC32, LOC33, LOC34, LOC35, LOC36, LOC37, LOC38, LOC39, LOC40, LOC41, LOC42, LOC43, LOC44, LOC45, LOC46, LOC47, LOC48, LOC49, LOC50, LOC51, LOC52, LOC53, LOC54, LOC55, LOC56, LOC57, LOC58, LOC59, LOC60, LOC61, LOC62, LOC63, LOC64, LOC65, LOC66, LOC67, LOC68, LOC69, LOC70, LOC71, LOC72, LOC73, LOC74, LOC75, LOC76, LOC77, LOC78, LOC79, LOC80
POP
Default 01_2019_2121 , 0101 0202 0202 0101 0201 0101 0101 0101 0201 0202 0202 0201 0202 0101 0101 0101 0101 0201 0201 0101 0202 0101 0201 0201 0101 0202 0202 0202 0101 0101 0101 0101 0201 0101 0202 0202 0202 0202 0101 0101 0101 0101 0101 0201 0202 0101 0202 0201 0202 0102 0102 0101 0201 0202 0102 0201 0202 0202 0202 0202 0202 0201 0202 0102 0202 0102 0102 0101 0201 0102 0202 0101 0201 0202 0201 0201 0202 0102 0101 0202
Default 01_2019_2122 , 0202 0201 0101 0201 0201 0101 0201 0101 0101 0101 0202 0201 0102 0101 0101 0101 0101 0201 0202 0101 0202 0101 0201 0202 0101 0101 0101 0202 0101 0101 0101 0101 0202 0202 0101 0101 0202 0202 0102 0202 0101 0101 0202 0202 0101 0101 0202 0102 0202 0202 0201 0101 0101 0202 0101 0102 0202 0202 0101 0101 0202 0201 0201 0202 0202 0101 0101 0101 0202 0101 0201 0201 0202 0101 0202 0201 0202 0101 0202 0202
Default 01_2019_2123 , 0202 0201 0101 0201 0201 0101 0101 0101 0101 0101 0202 0201 0202 0101 0102 0101 0101 0101 0202 0101 0200 0101 0201 0101 0101 0101 0101 0202 0101 0101 0101 0101 0202 0202 0101 0102 0202 0202 0102 0102 0101 0101 0202 0202 0101 0201 0202 0102 0202 0102 0201 0101 0201 0202 0101 0202 0202 0202 0201 0101 0202 0202 0201 0201 0202 0101 0101 0101 0201 0101 0201 0201 0202 0101 0202 0201 0202 0101 0202 0201
Default 01_2019_2124 , 0202 0202 0101 0201 0201 0101 0101 0101 0101 0101 0202 0201 0102 0101 0101 0101 0102 0101 0202 0101 0001 0101 0202 0202 0101 0101 0101 0202 0101 0101 0101 0101 0202 0202 0101 0102 0202 0202 0202 0102 0101 0101 0202 0202 0101 0201 0202 0201 0202 0102 0202 0101 0201 0101 0101 0102 0202 0202 0201 0101 0202 0201 0201 0201 0202 0101 0101 0101 0202 0101 0201 0202 0201 0101 0202 0201 0202 0101 0202 0202
Default 01_2019_2125 , 0202 0202 0202 0201 0202 0101 0202 0101 0202 0201 0202 0201 0202 0101 0101 0101 0101 0101 0101 0101 0201 0101 0202 0202 0202 0101 0202 0202 0101 0101 0102 0101 0201 0101 0101 0102 0202 0202 0101 0101 0101 0101 0101 0101 0101 0201 0101 0201 0202 0202 0102 0102 0202 0202 0102 0202 0202 0202 0202 0102 0202 0201 0201 0102 0202 0102 0101 0101 0202 0101 0202 0102 0202 0202 0202 0202 0101 0101 0202 0202
Default 01_2019_2126 , 0101 0101 0101 0202 0101 0202 0101 0101 0201 0201 0202 0202 0202 0102 0101 0202 0202 0101 0202 0102 0101 0102 0101 0201 0101 0202 0101 0202 0101 0202 0202 0101 0202 0201 0101 0101 0202 0202 0202 0101 0101 0101 0101 0202 0101 0201 0202 0101 0202 0101 0202 0102 0202 0101 0101 0202 0102 0202 0101 0102 0101 0101 0201 0101 0202 0101 0101 0202 0201 0101 0202 0202 0101 0202 0201 0201 0201 0101 0201 0202
Default 01_2019_2127 , 0101 0201 0101 0201 0201 0202 0101 0101 0201 0201 0202 0202 0202 0102 0101 0202 0102 0101 0202 0202 0101 0102 0201 0201 0102 0102 0101 0202 0101 0102 0202 0101 0202 0201 0101 0101 0201 0201 0102 0102 0102 0101 0102 0202 0101 0201 0202 0101 0202 0102 0202 0102 0202 0101 0101 0202 0102 0202 0101 0102 0101 0101 0201 0201 0202 0101 0101 0102 0201 0101 0201 0202 0101 0202 0201 0201 0101 0101 0101 0201
Default 01_2019_2128 , 0101 0201 0101 0201 0201 0202 0101 0101 0202 0201 0202 0202 0202 0102 0101 0202 0102 0201 0202 0101 0101 0202 0101 0201 0102 0102 0101 0202 0101 0102 0202 0101 0202 0101 0101 0101 0201 0101 0102 0101 0202 0101 0102 0202 0101 0201 0202 0101 0101 0202 0202 0102 0202 0101 0101 0202 0102 0202 0101 0202 0101 0101 0202 0201 0202 0101 0101 0102 0201 0101 0202 0202 0101 0202 0201 0202 0101 0101 0201 0201
Default 01_2019_2129 , 0101 0201 0101 0202 0201 0202 0101 0101 0101 0201 0000 0202 0202 0202 0101 0202 0101 0202 0202 0202 0101 0102 0101 0201 0202 0202 0101 0202 0101 0101 0202 0101 0202 0202 0101 0101 0201 0202 0102 0102 0202 0101 0101 0202 0101 0202 0202 0101 0202 0102 0202 0101 0202 0101 0101 0202 0102 0202 0101 0102 0101 0101 0202 0201 0202 0101 0101 0101 0101 0101 0202 0202 0101 0202 0201 0201 0101 0101 0202 0101
Default 01_2019_2130 , 0101 0201 0101 0101 0101 0202 0101 0101 0202 0202 0000 0202 0202 0202 0101 0202 0102 0202 0202 0101 0101 0102 0202 0201 0202 0101 0101 0202 0101 0202 0202 0101 0202 0201 0101 0101 0101 0201 0202 0102 0102 0101 0101 0202 0101 0201 0202 0101 0202 0202 0202 0102 0202 0101 0101 0202 0102 0202 0101 0202 0101 0101 0202 0102 0202 0101 0101 0102 0201 0101 0201 0202 0101 0202 0202 0202 0201 0101 0201 0201
Default 01_2019_2131 , 0101 0201 0101 0202 0202 0202 0101 0101 0101 0201 0202 0202 0202 0102 0101 0202 0101 0201 0202 0101 0101 0102 0101 0202 0102 0102 0101 0202 0101 0101 0202 0101 0202 0201 0101 0101 0201 0201 0101 0102 0102 0101 0202 0202 0101 0201 0202 0101 0202 0102 0202 0102 0202 0101 0101 0202 0102 0202 0101 0102 0101 0101 0101 0201 0202 0101 0101 0101 0202 0101 0201 0202 0101 0202 0101 0101 0202 0101 0202 0202
Default 01_2019_2132 , 0101 0201 0101 0101 0101 0202 0101 0101 0101 0201 0202 0202 0202 0101 0101 0202 0102 0202 0202 0102 0101 0102 0201 0201 0101 0101 0101 0202 0101 0202 0202 0101 0202 0202 0101 0101 0101 0201 0202 0202 0102 0101 0101 0202 0101 0202 0202 0101 0202 0202 0202 0101 0202 0101 0101 0202 0201 0202 0101 0102 0101 0101 0101 0101 0202 0101 0101 0102 0202 0101 0101 0202 0101 0202 0101 0101 0101 0101 0201 0202
Default 01_2019_2134 , 0101 0201 0101 0201 0101 0202 0101 0101 0202 0201 0000 0202 0202 0102 0101 0202 0102 0201 0202 0102 0101 0102 0101 0201 0102 0202 0101 0202 0101 0102 0202 0101 0202 0201 0101 0101 0201 0202 0102 0102 0102 0101 0102 0202 0101 0201 0202 0101 0202 0101 0202 0101 0202 0101 0101 0202 0102 0202 0101 0101 0101 0101 0101 0101 0202 0101 0101 0102 0201 0101 0201 0202 0101 0202 0202 0201 0202 0101 0101 0201
Default 01_2019_2135 , 0101 0201 0101 0201 0201 0202 0101 0101 0201 0201 0202 0202 0202 0102 0101 0202 0102 0201 0202 0102 0101 0102 0201 0201 0102 0102 0101 0202 0101 0102 0202 0101 0202 0201 0101 0101 0201 0201 0102 0102 0102 0101 0102 0202 0101 0201 0202 0101 0202 0102 0202 0102 0202 0101 0101 0202 0102 0202 0101 0102 0101 0101 0201 0201 0202 0101 0101 0102 0201 0101 0201 0202 0101 0202 0201 0201 0201 0101 0201 0201
Default 01_2019_2136 , 0101 0101 0101 0201 0202 0202 0101 0101 0202 0202 0202 0202 0202 0102 0101 0202 0102 0201 0202 0202 0102 0201 0201 0202 0102 0102 0101 0202 0101 0102 0202 0101 0202 0101 0101 0101 0201 0201 0102 0101 0102 0101 0202 0202 0101 0102 0202 0102 0101 0102 0201 0102 0202 0101 0101 0202 0102 0202 0101 0102 0101 0101 0202 0201 0202 0101 0101 0202 0202 0101 0101 0201 0101 0202 0201 0202 0201 0101 0101 0201
Default 01_2019_2137 , 0101 0201 0101 0201 0201 0202 0101 0101 0201 0201 0202 0202 0202 0102 0101 0202 0101 0202 0202 0102 0101 0101 0202 0101 0102 0102 0101 0202 0101 0102 0202 0101 0202 0201 0101 0101 0201 0201 0102 0102 0102 0101 0102 0202 0101 0201 0202 0101 0202 0102 0202 0102 0202 0101 0101 0202 0102 0202 0101 0102 0101 0101 0201 0201 0202 0101 0101 0102 0201 0101 0201 0202 0101 0202 0201 0201 0201 0101 0201 0201
Default 01_2019_2138 , 0101 0201 0101 0101 0201 0202 0101 0101 0201 0101 0202 0202 0202 0102 0101 0202 0102 0201 0202 0102 0101 0201 0201 0201 0202 0101 0101 0202 0101 0102 0202 0101 0202 0201 0101 0101 0201 0201 0101 0102 0101 0101 0102 0202 0101 0101 0202 0101 0101 0102 0202 0102 0202 0101 0101 0202 0101 0202 0101 0102 0101 0101 0201 0201 0202 0101 0101 0202 0201 0101 0201 0202 0101 0202 0101 0201 0201 0101 0101 0201
Default 01_2019_2139 , 0101 0201 0101 0201 0201 0202 0101 0101 0202 0101 0202 0202 0202 0102 0101 0202 0101 0101 0202 0102 0101 0101 0201 0101 0102 0102 0101 0202 0101 0102 0202 0101 0202 0201 0101 0101 0201 0101 0101 0202 0101 0101 0202 0202 0101 0201 0202 0101 0101 0202 0202 0102 0202 0101 0101 0202 0102 0202 0101 0102 0101 0101 0202 0202 0202 0101 0101 0101 0101 0101 0101 0202 0101 0202 0201 0202 0202 0101 0101 0201
Default 01_2019_2140 , 0101 0201 0101 0101 0202 0202 0101 0101 0201 0202 0202 0202 0202 0102 0101 0202 0102 0201 0202 0202 0101 0201 0201 0202 0101 0102 0101 0202 0101 0102 0202 0101 0202 0201 0101 0101 0201 0101 0102 0102 0101 0101 0102 0202 0101 0101 0202 0101 0202 0101 0202 0102 0202 0101 0101 0202 0102 0202 0101 0202 0101 0101 0201 0201 0202 0101 0101 0101 0202 0101 0201 0202 0101 0202 0201 0201 0101 0101 0201 0201
Default 01_2019_2141 , 0101 0201 0101 0101 0101 0202 0101 0101 0201 0201 0202 0202 0202 0102 0101 0202 0101 0201 0202 0202 0101 0102 0101 0202 0102 0101 0101 0202 0101 0102 0202 0101 0202 0201 0101 0101 0201 0201 0102 0202 0202 0101 0102 0202 0101 0201 0202 0101 0202 0202 0202 0102 0202 0101 0101 0202 0102 0202 0101 0102 0101 0101 0201 0101 0202 0101 0101 0102 0202 0101 0101 0202 0101 0202 0201 0201 0101 0101 0202 0202
Default 01_2019_2142 , 0101 0201 0101 0101 0201 0202 0101 0101 0201 0101 0202 0202 0202 0102 0101 0202 0102 0202 0202 0102 0101 0202 0202 0201 0202 0102 0101 0202 0101 0101 0202 0101 0202 0201 0101 0101 0202 0202 0202 0102 0102 0101 0101 0202 0101 0202 0202 0101 0202 0102 0202 0102 0202 0101 0101 0202 0102 0202 0101 0202 0101 0101 0201 0201 0202 0101 0101 0101 0201 0101 0202 0202 0101 0202 0201 0201 0202 0101 0202 0201
Default 01_2019_2143 , 0101 0101 0101 0201 0101 0202 0101 0101 0201 0201 0202 0202 0202 0102 0101 0202 0102 0201 0202 0102 0101 0201 0201 0101 0102 0102 0101 0202 0101 0102 0202 0101 0202 0101 0101 0101 0101 0201 0102 0101 0202 0101 0102 0202 0101 0201 0202 0101 0202 0101 0202 0102 0202 0101 0101 0202 0102 0202 0101 0102 0101 0101 0202 0101 0202 0101 0101 0101 0101 0101 0202 0202 0101 0202 0202 0201 0202 0101 0201 0101
Default 01_2019_2144 , 0101 0202 0101 0201 0101 0202 0101 0101 0202 0201 0202 0202 0202 0101 0101 0202 0102 0201 0202 0102 0102 0201 0201 0202 0102 0102 0101 0202 0101 0202 0202 0101 0202 0101 0101 0101 0101 0201 0102 0102 0202 0101 0102 0202 0101 0201 0202 0102 0101 0102 0201 0102 0202 0101 0101 0202 0102 0202 0101 0102 0101 0101 0201 0101 0202 0101 0101 0202 0201 0101 0101 0201 0101 0202 0201 0202 0201 0101 0202 0201
Default 01_2019_2145 , 0201 0202 0201 0201 0201 0102 0201 0101 0101 0202 0202 0201 0202 0101 0101 0102 0202 0201 0201 0101 0201 0101 0201 0202 0101 0202 0201 0202 0101 0102 0102 0101 0202 0101 0101 0102 0202 0202 0101 0102 0102 0101 0102 0202 0101 0101 0201 0101 0202 0102 0202 0101 0201 0201 0101 0202 0101 0202 0201 0101 0102 0201 0101 0101 0202 0101 0102 0101 0202 0102 0201 0202 0101 0202 0201 0201 0201 0101 0202 0202
Default 01_2019_2146 , 0101 0202 0101 0202 0201 0202 0101 0101 0201 0101 0202 0202 0202 0202 0101 0202 0202 0101 0202 0202 0101 0101 0201 0201 0102 0102 0101 0202 0101 0101 0202 0101 0202 0201 0101 0101 0202 0201 0102 0202 0102 0101 0102 0202 0101 0202 0202 0101 0202 0102 0202 0102 0202 0101 0101 0202 0101 0202 0101 0101 0101 0101 0202 0201 0202 0101 0101 0101 0201 0101 0101 0202 0101 0202 0201 0201 0101 0101 0201 0202
Default 01_2019_2147 , 0101 0202 0101 0202 0201 0202 0101 0101 0101 0201 0202 0202 0202 0101 0101 0202 0202 0201 0202 0102 0101 0202 0201 0201 0101 0101 0101 0202 0101 0202 0202 0101 0202 0201 0101 0101 0101 0201 0101 0102 0102 0101 0202 0202 0101 0201 0202 0101 0202 0101 0202 0102 0202 0101 0101 0202 0102 0202 0101 0102 0101 0101 0101 0201 0202 0101 0101 0101 0201 0101 0201 0202 0101 0202 0202 0101 0101 0101 0101 0201
Default 01_2019_2148 , 0101 0201 0101 0201 0201 0202 0101 0101 0101 0201 0000 0202 0202 0102 0101 0202 0102 0202 0202 0101 0101 0201 0201 0201 0102 0202 0101 0202 0101 0102 0202 0101 0202 0202 0101 0101 0101 0202 0101 0101 0202 0101 0102 0202 0101 0101 0202 0101 0202 0102 0202 0101 0202 0101 0101 0202 0102 0202 0101 0102 0101 0101 0202 0201 0202 0101 0101 0101 0201 0101 0201 0202 0101 0202 0201 0101 0201 0101 0201 0201
Default 01_2019_2149 , 0101 0201 0101 0201 0201 0202 0101 0101 0101 0201 0202 0202 0202 0102 0101 0202 0102 0202 0202 0202 0101 0201 0201 0201 0101 0102 0101 0202 0101 0101 0202 0101 0202 0202 0101 0101 0201 0101 0202 0102 0102 0101 0101 0202 0101 0201 0202 0101 0202 0102 0202 0102 0202 0101 0101 0202 0102 0202 0101 0202 0101 0101 0201 0201 0202 0101 0101 0202 0202 0101 0101 0202 0101 0202 0201 0101 0202 0101 0202 0202
Default 01_2019_2150 , 0101 0101 0101 0201 0201 0202 0101 0101 0201 0101 0000 0202 0202 0102 0101 0202 0102 0101 0202 0102 0101 0101 0201 0202 0102 0202 0101 0202 0101 0102 0202 0101 0202 0201 0101 0101 0201 0202 0102 0102 0101 0101 0102 0202 0101 0201 0202 0101 0202 0102 0202 0101 0202 0101 0101 0202 0101 0202 0101 0102 0101 0101 0201 0202 0202 0101 0101 0102 0201 0101 0201 0202 0101 0202 0201 0201 0201 0101 0201 0201
Default 01_2019_2151 , 0101 0202 0101 0202 0202 0202 0101 0101 0101 0201 0202 0202 0202 0102 0101 0202 0101 0101 0202 0202 0101 0201 0202 0202 0101 0102 0101 0202 0101 0102 0202 0101 0202 0202 0101 0101 0201 0201 0102 0202 0102 0101 0102 0202 0101 0101 0202 0101 0202 0202 0202 0102 0202 0101 0101 0202 0101 0202 0101 0102 0101 0101 0201 0202 0202 0101 0101 0102 0202 0101 0101 0202 0101 0202 0101 0101 0202 0101 0202 0202
Default 01_2019_2152 , 0101 0201 0101 0101 0202 0202 0101 0101 0202 0101 0202 0202 0202 0102 0101 0202 0101 0201 0202 0102 0101 0201 0201 0201 0102 0102 0101 0202 0101 0202 0202 0101 0202 0202 0101 0101 0202 0202 0101 0102 0101 0101 0202 0202 0101 0201 0202 0101 0202 0202 0202 0102 0202 0101 0101 0202 0102 0202 0101 0202 0101 0101 0201 0202 0202 0101 0101 0202 0201 0101 0202 0202 0101 0202 0201 0202 0201 0101 0201 0201
Default 01_2019_2153 , 0101 0201 0101 0101 0202 0202 0101 0101 0201 0101 0202 0202 0202 0102 0101 0202 0101 0101 0202 0101 0101 0201 0101 0202 0101 0102 0101 0202 0101 0102 0202 0101 0202 0101 0101 0101 0202 0101 0202 0102 0102 0101 0101 0202 0101 0201 0202 0101 0202 0101 0202 0102 0202 0101 0101 0202 0102 0202 0101 0202 0101 0101 0202 0201 0202 0101 0101 0101 0202 0101 0201 0202 0101 0202 0201 0201 0201 0101 0201 0202
Default 01_2019_2154 , 0101 0202 0101 0101 0201 0202 0101 0101 0101 0201 0202 0202 0202 0101 0101 0202 0102 0202 0202 0202 0101 0201 0201 0202 0202 0102 0101 0202 0101 0102 0202 0101 0202 0201 0101 0101 0201 0101 0102 0102 0202 0101 0102 0202 0101 0201 0202 0101 0202 0102 0202 0102 0202 0101 0101 0202 0202 0202 0101 0102 0101 0101 0201 0201 0202 0101 0101 0202 0201 0101 0201 0202 0101 0202 0101 0101 0201 0101 0202 0201
Default 01_2019_2155 , 0101 0201 0101 0201 0101 0202 0101 0101 0201 0201 0000 0202 0202 0102 0101 0202 0202 0202 0202 0202 0101 0201 0202 0101 0101 0202 0101 0202 0101 0102 0202 0101 0202 0201 0101 0101 0202 0202 0102 0102 0202 0101 0102 0202 0101 0202 0202 0101 0101 0102 0202 0101 0202 0101 0101 0202 0102 0202 0101 0101 0101 0101 0201 0101 0202 0101 0101 0202 0101 0101 0201 0202 0101 0202 0201 0201 0202 0101 0202 0101
Default 01_2019_2156 , 0101 0201 0101 0201 0101 0202 0101 0101 0201 0101 0202 0202 0202 0202 0101 0202 0102 0201 0202 0101 0101 0101 0101 0201 0102 0101 0101 0202 0101 0101 0202 0101 0202 0201 0101 0101 0202 0201 0202 0202 0102 0101 0101 0202 0101 0201 0202 0101 0202 0202 0202 0102 0202 0101 0101 0202 0202 0202 0101 0102 0101 0101 0201 0101 0202 0101 0101 0101 0201 0101 0202 0202 0101 0202 0202 0201 0202 0101 0201 0201
Default 01_2019_2157 , 0101 0201 0101 0101 0201 0202 0101 0101 0101 0201 0202 0202 0202 0202 0101 0202 0101 0101 0202 0202 0101 0101 0201 0202 0202 0101 0101 0202 0101 0102 0202 0101 0202 0201 0101 0101 0201 0201 0102 0202 0102 0101 0102 0202 0101 0101 0202 0101 0202 0102 0202 0102 0202 0101 0101 0202 0102 0202 0101 0202 0101 0101 0201 0202 0202 0101 0101 0101 0201 0101 0101 0202 0101 0202 0101 0101 0201 0101 0101 0201
Default 01_2019_2158 , 0101 0201 0101 0201 0202 0202 0101 0101 0202 0201 0000 0202 0202 0202 0101 0202 0101 0202 0202 0102 0101 0101 0101 0201 0101 0202 0101 0202 0101 0202 0202 0101 0202 0202 0101 0101 0201 0101 0202 0202 0202 0101 0101 0202 0101 0101 0202 0101 0101 0202 0202 0102 0202 0101 0101 0202 0202 0202 0101 0102 0101 0101 0201 0201 0202 0101 0101 0101 0201 0101 0201 0202 0101 0202 0202 0202 0201 0101 0201 0201
Default 01_2019_2159 , 0101 0202 0101 0201 0101 0202 0101 0101 0202 0201 0202 0202 0202 0102 0101 0202 0102 0202 0202 0102 0101 0101 0201 0101 0102 0101 0101 0202 0101 0102 0202 0101 0202 0201 0101 0101 0202 0201 0102 0102 0101 0101 0102 0202 0101 0102 0202 0101 0101 0102 0202 0102 0202 0101 0101 0202 0102 0202 0101 0202 0101 0101 0202 0101 0202 0101 0101 0102 0101 0101 0201 0202 0101 0202 0101 0202 0202 0101 0101 0201
Default 01_2019_2160 , 0101 0201 0101 0201 0201 0202 0101 0101 0202 0101 0202 0202 0202 0202 0101 0202 0102 0201 0202 0102 0101 0201 0201 0202 0102 0202 0101 0202 0101 0102 0202 0101 0202 0202 0101 0101 0201 0202 0202 0102 0102 0101 0101 0202 0101 0202 0202 0101 0202 0102 0202 0101 0202 0101 0101 0202 0202 0202 0101 0202 0101 0101 0201 0201 0202 0101 0101 0202 0201 0101 0201 0202 0101 0202 0202 0201 0201 0101 0201 0201
Default 01_2019_2161 , 0101 0201 0101 0201 0201 0202 0101 0101 0202 0101 0000 0202 0202 0102 0101 0202 0102 0201 0202 0102 0101 0201 0201 0101 0101 0202 0101 0202 0101 0101 0202 0101 0202 0201 0101 0101 0201 0101 0202 0102 0101 0101 0101 0202 0101 0202 0202 0101 0101 0202 0202 0102 0202 0101 0101 0202 0202 0202 0101 0102 0101 0101 0201 0202 0202 0101 0101 0102 0201 0101 0202 0202 0101 0202 0201 0202 0201 0101 0101 0201
Default 01_2019_2162 , 0101 0201 0101 0201 0202 0202 0101 0101 0201 0201 0202 0202 0202 0102 0101 0202 0101 0201 0202 0202 0101 0201 0201 0202 0102 0102 0101 0202 0101 0101 0202 0101 0202 0101 0101 0101 0202 0202 0101 0102 0202 0101 0202 0202 0101 0201 0202 0101 0202 0102 0202 0102 0202 0101 0101 0202 0101 0202 0101 0101 0101 0101 0201 0201 0202 0101 0101 0102 0101 0101 0201 0202 0101 0202 0201 0201 0201 0101 0201 0101
Default 01_2019_2163 , 0101 0101 0101 0101 0201 0202 0101 0101 0201 0201 0000 0202 0202 0102 0101 0202 0101 0202 0202 0101 0101 0201 0201 0201 0202 0101 0101 0202 0101 0102 0202 0101 0202 0201 0101 0101 0201 0202 0101 0202 0101 0101 0202 0202 0101 0201 0202 0101 0101 0102 0202 0102 0202 0101 0101 0202 0101 0202 0101 0101 0101 0101 0202 0202 0202 0101 0101 0102 0101 0101 0202 0202 0101 0202 0201 0201 0101 0101 0101 0101
Default 01_2019_2164 , 0101 0201 0101 0101 0202 0202 0101 0101 0201 0202 0202 0202 0202 0202 0101 0202 0101 0101 0202 0202 0101 0101 0101 0201 0101 0101 0101 0202 0101 0102 0202 0101 0202 0201 0101 0101 0201 0201 0102 0102 0202 0101 0102 0202 0101 0201 0202 0101 0202 0102 0202 0102 0202 0101 0101 0202 0101 0202 0101 0202 0101 0101 0201 0202 0202 0101 0101 0101 0201 0101 0101 0202 0101 0202 0201 0201 0201 0101 0202 0201
Default 01_2019_2165 , 0101 0201 0101 0101 0202 0202 0101 0101 0201 0202 0202 0202 0202 0102 0101 0202 0101 0201 0202 0102 0101 0202 0101 0201 0102 0202 0101 0202 0101 0102 0202 0101 0202 0101 0101 0101 0101 0202 0102 0202 0101 0101 0102 0202 0101 0201 0202 0101 0202 0202 0202 0102 0202 0101 0101 0202 0102 0202 0101 0102 0101 0101 0201 0202 0202 0101 0101 0101 0201 0101 0201 0202 0101 0202 0101 0201 0101 0101 0201 0201
Default 01_2019_2166 , 0101 0201 0101 0201 0202 0202 0101 0101 0101 0202 0202 0202 0202 0202 0101 0202 0102 0101 0202 0202 0101 0201 0202 0201 0102 0102 0101 0202 0101 0202 0202 0101 0202 0201 0101 0101 0101 0201 0102 0101 0102 0101 0102 0202 0101 0201 0202 0101 0202 0101 0202 0102 0202 0101 0101 0202 0102 0202 0101 0202 0101 0101 0201 0201 0202 0101 0101 0102 0202 0101 0101 0202 0101 0202 0201 0101 0101 0101 0202 0202
Default 01_2019_2167 , 0101 0202 0101 0201 0201 0202 0101 0101 0101 0201 0202 0202 0202 0202 0101 0202 0202 0201 0202 0102 0101 0102 0201 0101 0102 0101 0101 0202 0101 0202 0202 0101 0202 0201 0101 0101 0101 0202 0101 0202 0102 0101 0202 0202 0101 0102 0202 0101 0202 0202 0202 0101 0202 0101 0101 0202 0102 0202 0101 0202 0101 0101 0202 0201 0202 0101 0101 0102 0101 0101 0201 0202 0101 0202 0201 0101 0201 0101 0202 0101
Default 01_2019_2168 , 0101 0101 0101 0201 0201 0202 0101 0101 0202 0201 0202 0202 0202 0102 0101 0202 0102 0201 0202 0202 0101 0201 0202 0101 0202 0102 0101 0202 0101 0202 0202 0101 0202 0202 0101 0101 0101 0202 0102 0102 0102 0101 0102 0202 0101 0201 0202 0101 0101 0101 0202 0101 0202 0101 0101 0202 0102 0202 0101 0102 0101 0101 0101 0202 0202 0101 0101 0202 0201 0101 0201 0202 0101 0202 0101 0202 0101 0101 0201 0201
Default 01_2019_2169 , 0101 0201 0101 0201 0202 0202 0101 0101 0101 0201 0000 0202 0202 0102 0101 0202 0102 0202 0202 0102 0101 0201 0101 0201 0102 0101 0101 0202 0101 0202 0202 0101 0202 0201 0101 0101 0201 0101 0202 0202 0102 0101 0101 0202 0101 0201 0202 0102 0101 0202 0202 0102 0202 0101 0101 0202 0101 0202 0101 0202 0101 0101 0101 0201 0202 0101 0101 0102 0201 0101 0201 0202 0101 0202 0201 0101 0202 0101 0201 0201
Default 01_2019_2170 , 0101 0201 0101 0201 0202 0202 0101 0101 0201 0101 0202 0202 0202 0102 0101 0202 0102 0202 0202 0101 0102 0101 0201 0201 0202 0102 0101 0202 0101 0102 0202 0101 0202 0201 0101 0101 0201 0201 0102 0102 0101 0101 0102 0202 0101 0201 0202 0102 0202 0102 0201 0102 0202 0101 0101 0202 0102 0202 0101 0202 0101 0101 0201 0201 0202 0101 0101 0101 0101 0101 0101 0201 0101 0202 0201 0102 0201 0101 0201 0101
Default 01_2019_2171 , 0101 0201 0202 0101 0201 0101 0101 0101 0201 0202 0202 0201 0102 0102 0101 0102 0102 0101 0202 0101 0202 0201 0202 0202 0102 0102 0101 0202 0102 0101 0102 0102 0202 0101 0102 0101 0201 0201 0101 0102 0102 0101 0102 0201 0102 0201 0201 0102 0202 0101 0101 0101 0201 0201 0101 0202 0202 0202 0201 0101 0101 0201 0101 0101 0202 0101 0102 0102 0201 0102 0201 0202 0201 0201 0201 0101 0201 0101 0202 0201
Default 01_2019_2172 , 0101 0201 0202 0101 0201 0101 0101 0101 0201 0000 0202 0101 0202 0102 0101 0102 0102 0101 0202 0101 0202 0202 0202 0202 0102 0102 0101 0202 0102 0101 0102 0202 0202 0101 0102 0101 0101 0101 0101 0102 0202 0101 0102 0201 0101 0201 0201 0102 0202 0101 0101 0101 0202 0201 0101 0202 0202 0202 0101 0101 0101 0101 0101 0101 0202 0101 0102 0102 0101 0102 0201 0202 0202 0202 0201 0101 0201 0101 0202 0101
Default 01_2019_2173 , 0101 0201 0202 0101 0101 0101 0101 0101 0101 0202 0202 0201 0202 0101 0101 0102 0102 0101 0202 0101 0201 0201 0202 0202 0102 0101 0101 0202 0102 0101 0102 0101 0202 0101 0102 0101 0201 0201 0101 0101 0101 0101 0202 0101 0102 0201 0201 0202 0202 0101 0101 0101 0201 0101 0101 0202 0202 0202 0201 0101 0101 0202 0101 0101 0202 0101 0102 0202 0201 0102 0201 0202 0201 0101 0202 0202 0101 0101 0202 0201
Default 01_2019_2174 , 0101 0202 0202 0101 0101 0101 0101 0101 0201 0202 0202 0201 0102 0102 0101 0202 0202 0101 0202 0101 0101 0102 0202 0202 0102 0202 0101 0202 0102 0101 0101 0102 0202 0101 0102 0101 0201 0201 0101 0202 0101 0101 0101 0201 0202 0201 0101 0102 0202 0101 0101 0101 0101 0201 0101 0202 0202 0202 0202 0101 0101 0202 0101 0101 0202 0101 0101 0202 0201 0102 0201 0202 0202 0201 0201 0101 0201 0101 0202 0201
Default 01_2019_2175 , 0101 0201 0202 0101 0101 0101 0101 0101 0201 0202 0202 0101 0102 0202 0101 0101 0201 0101 0202 0101 0102 0202 0202 0202 0102 0102 0101 0202 0102 0101 0101 0202 0202 0101 0101 0101 0202 0201 0101 0101 0101 0101 0101 0101 0101 0202 0201 0102 0202 0101 0101 0101 0201 0101 0101 0202 0202 0202 0201 0101 0101 0201 0101 0101 0202 0101 0202 0102 0201 0102 0201 0202 0202 0202 0101 0101 0202 0101 0202 0201
Default 01_2019_2176 , 0101 0101 0202 0101 0202 0101 0101 0101 0101 0202 0202 0101 0202 0102 0101 0202 0102 0101 0202 0101 0202 0201 0202 0202 0102 0102 0101 0202 0202 0101 0202 0102 0202 0101 0202 0101 0202 0201 0101 0101 0102 0101 0102 0202 0102 0201 0202 0202 0202 0101 0101 0101 0202 0202 0101 0202 0202 0202 0101 0101 0101 0201 0101 0101 0202 0101 0101 0102 0101 0202 0201 0202 0201 0201 0202 0101 0201 0101 0202 0101
Default 01_2019_2177 , 0101 0201 0202 0101 0201 0101 0101 0101 0201 0202 0202 0201 0101 0102 0101 0102 0102 0101 0202 0101 0202 0201 0202 0202 0102 0102 0101 0202 0102 0101 0102 0202 0202 0101 0101 0101 0201 0201 0101 0102 0101 0101 0102 0101 0101 0101 0201 0102 0202 0101 0101 0101 0201 0101 0101 0202 0202 0202 0201 0101 0101 0202 0101 0101 0202 0101 0102 0202 0201 0102 0101 0202 0201 0202 0101 0101 0201 0101 0202 0201
Default 01_2019_2178 , 0101 0101 0202 0101 0201 0101 0101 0101 0201 0202 0202 0201 0202 0102 0101 0202 0102 0101 0202 0101 0202 0102 0202 0202 0202 0101 0101 0202 0101 0101 0102 0101 0202 0101 0101 0101 0101 0202 0101 0102 0102 0101 0102 0201 0101 0101 0202 0102 0202 0101 0101 0101 0201 0201 0101 0202 0202 0202 0201 0101 0101 0201 0101 0101 0202 0101 0101 0202 0201 0101 0201 0202 0201 0101 0201 0101 0201 0101 0202 0101
Default 01_2019_2179 , 0101 0201 0202 0101 0201 0101 0101 0101 0201 0202 0202 0201 0102 0202 0101 0102 0202 0101 0202 0101 0202 0201 0202 0202 0101 0202 0101 0202 0102 0101 0101 0102 0202 0101 0101 0101 0101 0201 0101 0101 0102 0101 0102 0202 0102 0201 0201 0102 0202 0101 0101 0101 0201 0202 0101 0202 0202 0202 0201 0101 0101 0201 0101 0101 0202 0101 0102 0102 0201 0102 0101 0201 0201 0201 0101 0102 0201 0101 0202 0201
Default 01_2019_2180 , 0101 0201 0201 0201 0101 0102 0101 0101 0201 0202 0101 0202 0101 0101 0102 0102 0102 0201 0202 0102 0101 0101 0201 0101 0202 0202 0101 0202 0102 0101 0102 0102 0202 0202 0101 0202 0101 0202 0101 0101 0101 0102 0202 0101 0102 0102 0201 0202 0202 0101 0201 0102 0201 0201 0102 0202 0202 0202 0201 0101 0101 0201 0101 0101 0201 0101 0101 0101 0202 0102 0202 0202 0202 0202 0201 0202 0101 0102 0201 0201
Default 01_2019_2181 , 0101 0202 0202 0101 0202 0101 0101 0101 0202 0101 0202 0201 0102 0102 0101 0202 0102 0101 0202 0101 0202 0101 0202 0202 0102 0102 0202 0202 0102 0101 0102 0101 0202 0101 0101 0102 0201 0202 0101 0101 0101 0101 0101 0201 0102 0102 0101 0202 0202 0102 0101 0101 0202 0202 0102 0202 0202 0202 0101 0101 0102 0202 0101 0101 0202 0101 0102 0101 0201 0102 0201 0202 0201 0101 0201 0201 0201 0101 0202 0202
Default 01_2019_2182 , 0101 0101 0202 0101 0202 0101 0101 0101 0201 0000 0202 0201 0102 0102 0101 0102 0102 0101 0202 0101 0202 0102 0202 0202 0101 0102 0101 0202 0102 0101 0102 0202 0202 0101 0102 0101 0201 0202 0101 0102 0202 0101 0202 0201 0101 0102 0202 0102 0202 0101 0101 0101 0202 0201 0101 0202 0202 0202 0101 0101 0101 0101 0101 0101 0202 0101 0102 0102 0201 0102 0101 0202 0000 0202 0201 0101 0101 0101 0202 0201
Default 01_2019_2183 , 0101 0101 0202 0101 0201 0101 0101 0101 0201 0000 0202 0201 0202 0101 0101 0202 0202 0101 0202 0101 0101 0102 0202 0202 0101 0102 0101 0202 0202 0101 0101 0102 0202 0101 0202 0101 0201 0201 0101 0102 0202 0101 0101 0201 0102 0202 0202 0102 0202 0101 0101 0101 0101 0201 0101 0202 0202 0202 0201 0101 0101 0101 0101 0101 0202 0101 0101 0102 0201 0202 0201 0202 0202 0201 0202 0101 0201 0101 0202 0201
Default 01_2019_2184 , 0101 0201 0202 0101 0101 0101 0101 0101 0201 0202 0202 0201 0101 0101 0101 0102 0202 0101 0202 0101 0202 0101 0202 0202 0102 0101 0101 0202 0101 0101 0101 0102 0202 0101 0202 0101 0201 0201 0101 0102 0102 0101 0102 0201 0202 0202 0201 0202 0202 0101 0101 0101 0201 0201 0101 0202 0202 0202 0201 0101 0101 0201 0101 0101 0202 0101 0102 0102 0201 0202 0201 0202 0101 0201 0202 0101 0202 0101 0202 0201
Default 01_2019_2185 , 0202 0101 0202 0101 0101 0101 0201 0101 0202 0202 0202 0101 0101 0101 0101 0202 0102 0201 0201 0101 0102 0101 0201 0202 0101 0101 0101 0201 0202 0202 0101 0101 0202 0101 0202 0101 0202 0202 0202 0102 0101 0202 0101 0101 0102 0201 0201 0102 0202 0202 0201 0102 0201 0101 0202 0102 0102 0202 0101 0101 0101 0202 0101 0101 0101 0102 0101 0102 0101 0202 0101 0202 0202 0201 0101 0102 0101 0101 0101 0101
Default 01_2019_2186 , 0201 0202 0101 0101 0101 0101 0202 0102 0201 0201 0101 0201 0202 0202 0102 0101 0202 0101 0201 0102 0101 0202 0202 0101 0102 0102 0201 0202 0102 0102 0101 0102 0202 0201 0101 0102 0101 0201 0101 0202 0102 0101 0102 0101 0102 0101 0201 0201 0202 0101 0102 0101 0201 0201 0102 0202 0202 0202 0201 0101 0102 0201 0101 0101 0202 0202 0102 0202 0201 0102 0101 0202 0201 0201 0101 0202 0201 0101 0201 0101
Default 01_2019_2187 , 0201 0202 0101 0101 0101 0101 0202 0202 0201 0101 0101 0202 0202 0202 0102 0101 0202 0101 0202 0102 0101 0202 0202 0101 0102 0102 0202 0202 0101 0101 0101 0102 0202 0201 0101 0102 0101 0201 0101 0202 0202 0101 0101 0101 0102 0101 0101 0201 0202 0101 0102 0101 0201 0201 0202 0202 0202 0202 0201 0101 0202 0202 0101 0101 0202 0202 0202 0202 0201 0102 0101 0202 0201 0201 0101 0202 0101 0101 0201 0101
Default 01_2019_2188 , 0101 0201 0101 0101 0201 0102 0201 0101 0201 0201 0101 0202 0202 0102 0102 0102 0102 0101 0201 0202 0101 0202 0201 0202 0102 0101 0201 0202 0102 0102 0102 0102 0202 0101 0101 0102 0101 0201 0101 0102 0101 0101 0102 0201 0102 0102 0201 0201 0202 0101 0202 0102 0201 0101 0102 0202 0202 0202 0201 0102 0102 0101 0101 0102 0202 0102 0102 0102 0101 0102 0201 0202 0201 0202 0101 0202 0202 0101 0202 0101
Default 01_2019_2189 , 0201 0202 0101 0101 0101 0101 0202 0202 0201 0101 0101 0202 0202 0202 0102 0101 0202 0101 0101 0102 0101 0202 0202 0202 0202 0202 0201 0202 0101 0102 0101 0102 0202 0101 0101 0102 0101 0201 0101 0202 0202 0101 0102 0101 0101 0101 0201 0202 0202 0101 0102 0101 0201 0101 0102 0202 0202 0202 0202 0101 0102 0202 0101 0101 0202 0202 0102 0202 0101 0101 0101 0202 0201 0201 0101 0202 0201 0101 0101 0101
Default 01_2019_2190 , 0101 0202 0101 0101 0101 0101 0202 0202 0101 0202 0101 0201 0202 0202 0102 0101 0202 0101 0202 0101 0101 0202 0202 0101 0102 0202 0202 0202 0101 0102 0101 0102 0202 0202 0101 0101 0101 0201 0101 0202 0101 0101 0102 0101 0102 0101 0201 0202 0202 0101 0101 0101 0201 0202 0102 0202 0202 0202 0201 0101 0102 0101 0101 0101 0202 0202 0101 0202 0201 0202 0101 0202 0202 0201 0101 0202 0202 0101 0201 0101
Default 01_2019_2191 , 0101 0202 0101 0101 0101 0101 0202 0102 0201 0101 0101 0201 0202 0202 0101 0101 0202 0101 0201 0102 0101 0202 0202 0101 0102 0102 0201 0202 0102 0101 0101 0102 0202 0101 0101 0102 0101 0101 0101 0202 0101 0101 0102 0101 0101 0101 0202 0202 0202 0101 0102 0101 0101 0201 0101 0202 0202 0202 0202 0101 0102 0101 0101 0101 0202 0202 0102 0202 0202 0202 0101 0202 0202 0201 0101 0202 0201 0101 0201 0101
Default 01_2019_2192 , 0201 0201 0101 0201 0101 0101 0201 0202 0101 0202 0102 0201 0202 0102 0102 0101 0202 0201 0201 0101 0101 0102 0201 0101 0102 0202 0202 0202 0101 0101 0102 0102 0202 0201 0101 0101 0201 0201 0101 0202 0101 0101 0102 0000 0102 0102 0202 0201 0202 0102 0102 0102 0201 0201 0101 0202 0202 0202 0201 0101 0101 0201 0201 0101 0202 0102 0101 0102 0201 0101 0101 0202 0101 0201 0201 0202 0201 0102 0202 0201
Default 01_2019_2193 , 0201 0202 0101 0101 0101 0101 0202 0102 0202 0202 0101 0202 0202 0202 0102 0101 0202 0101 0201 0102 0101 0202 0202 0101 0102 0102 0101 0202 0102 0102 0101 0101 0202 0201 0101 0102 0101 0201 0101 0202 0202 0101 0101 0101 0202 0101 0201 0202 0202 0101 0202 0101 0201 0202 0102 0202 0202 0202 0201 0101 0102 0202 0101 0101 0202 0202 0101 0202 0201 0102 0101 0202 0202 0101 0101 0202 0101 0101 0101 0101
Default 01_2019_2194 , 0201 0202 0101 0101 0101 0101 0202 0102 0201 0201 0101 0202 0202 0202 0101 0101 0202 0101 0202 0202 0101 0202 0202 0101 0102 0102 0201 0202 0102 0101 0101 0102 0202 0201 0101 0101 0101 0201 0101 0202 0202 0101 0102 0101 0101 0101 0201 0201 0202 0101 0101 0101 0201 0202 0102 0202 0202 0202 0201 0101 0102 0202 0101 0101 0202 0202 0102 0202 0202 0202 0101 0202 0202 0201 0101 0202 0202 0101 0101 0101
Default 01_2019_2195 , 0201 0202 0101 0101 0101 0101 0202 0102 0201 0202 0101 0101 0202 0202 0202 0101 0202 0101 0202 0202 0101 0202 0202 0202 0101 0102 0201 0202 0102 0102 0101 0101 0202 0201 0101 0102 0101 0202 0101 0202 0101 0101 0101 0101 0101 0101 0101 0202 0202 0101 0102 0101 0201 0101 0202 0202 0202 0202 0201 0101 0102 0202 0101 0101 0202 0202 0102 0202 0101 0101 0101 0202 0101 0101 0101 0202 0101 0101 0202 0101
Default 01_2019_2196 , 0202 0202 0201 0201 0000 0101 0201 0101 0201 0101 0102 0201 0202 0102 0102 0101 0202 0101 0202 0102 0202 0102 0202 0201 0202 0102 0201 0202 0102 0102 0102 0101 0202 0101 0101 0102 0201 0202 0101 0102 0102 0101 0101 0101 0101 0101 0101 0102 0202 0102 0101 0101 0101 0202 0102 0202 0202 0202 0202 0101 0102 0202 0101 0101 0202 0202 0101 0102 0202 0101 0201 0202 0202 0101 0201 0202 0101 0101 0201 0201
Default 01_2019_2198 , 0201 0202 0101 0101 0101 0101 0202 0101 0201 0201 0101 0202 0202 0202 0202 0101 0202 0101 0202 0202 0101 0202 0202 0101 0202 0101 0201 0202 0202 0102 0101 0202 0202 0202 0101 0101 0101 0201 0101 0202 0202 0101 0101 0101 0102 0101 0201 0202 0202 0101 0101 0101 0202 0201 0102 0202 0200 0202 0101 0101 0102 0202 0101 0101 0202 0202 0101 0202 0201 0102 0101 0202 0201 0202 0101 0202 0202 0101 0101 0101
Default 01_2019_2199 , 0101 0202 0201 0101 0000 0101 0201 0102 0201 0201 0000 0201 0000 0102 0101 0101 0202 0000 0201 0102 0202 0102 0000 0201 0102 0102 0202 0202 0101 0101 0000 0101 0202 0202 0000 0202 0201 0202 0000 0102 0102 0000 0102 0000 0101 0000 0201 0102 0000 0102 0202 0101 0202 0201 0102 0202 0002 0202 0201 0000 0101 0201 0000 0101 0202 0000 0101 0102 0202 0102 0201 0102 0201 0101 0000 0202 0201 0101 0201 0000
Default 01_2019_2200 , 0202 0202 0101 0101 0101 0101 0202 0101 0101 0201 0101 0202 0202 0202 0102 0101 0202 0101 0201 0102 0101 0202 0202 0101 0202 0101 0202 0202 0202 0101 0101 0202 0202 0202 0101 0202 0101 0201 0101 0202 0102 0101 0102 0101 0202 0101 0101 0102 0202 0101 0202 0101 0202 0101 0202 0202 0202 0202 0101 0101 0202 0201 0101 0101 0202 0202 0202 0202 0201 0102 0101 0202 0202 0202 0101 0202 0101 0101 0202 0101
Default 01_2019_2201 , 0202 0202 0101 0101 0101 0101 0202 0102 0201 0101 0101 0201 0202 0202 0102 0101 0202 0101 0201 0102 0101 0202 0202 0101 0102 0102 0201 0202 0102 0102 0101 0102 0202 0201 0101 0202 0101 0201 0101 0202 0102 0101 0102 0101 0102 0101 0201 0102 0202 0101 0201 0101 0201 0101 0102 0202 0202 0202 0201 0101 0102 0201 0101 0101 0202 0202 0102 0202 0201 0101 0101 0202 0202 0201 0101 0202 0101 0101 0201 0101
Default 01_2019_2202 , 0201 0202 0101 0101 0101 0101 0202 0102 0201 0202 0101 0101 0202 0202 0202 0101 0202 0101 0202 0101 0101 0202 0202 0101 0101 0102 0201 0202 0102 0102 0101 0101 0202 0101 0101 0101 0101 0201 0101 0202 0102 0101 0102 0101 0102 0101 0201 0201 0202 0101 0102 0101 0201 0101 0102 0202 0202 0202 0201 0101 0102 0201 0101 0101 0202 0202 0102 0202 0101 0102 0101 0202 0201 0101 0101 0202 0201 0101 0202 0101
Default 01_2019_2203 , 0201 0202 0101 0101 0101 0101 0202 0202 0201 0201 0101 0201 0202 0202 0102 0101 0202 0101 0202 0102 0101 0202 0202 0202 0101 0202 0201 0202 0101 0102 0101 0202 0202 0201 0101 0102 0101 0202 0101 0202 0101 0101 0102 0101 0102 0101 0201 0102 0202 0101 0202 0101 0101 0202 0102 0202 0202 0202 0202 0101 0102 0101 0101 0101 0202 0202 0202 0202 0201 0102 0101 0202 0101 0202 0101 0202 0201 0101 0201 0101
Default 01_2019_2204 , 0101 0101 0101 0201 0000 0102 0101 0102 0202 0202 0101 0201 0102 0101 0102 0202 0000 0000 0202 0101 0202 0202 0202 0202 0102 0102 0101 0201 0102 0101 0000 0101 0202 0201 0101 0102 0201 0000 0000 0202 0102 0101 0102 0202 0101 0102 0101 0202 0202 0102 0102 0101 0101 0202 0202 0101 0202 0202 0202 0102 0101 0101 0000 0101 0202 0101 0101 0202 0101 0101 0202 0102 0201 0202 0101 0201 0101 0101 0201 0201
Default 01_2019_2205 , 0201 0101 0201 0201 0101 0102 0101 0102 0201 0201 0101 0101 0102 0102 0101 0101 0202 0202 0202 0101 0202 0202 0201 0202 0102 0202 0101 0202 0101 0101 0202 0102 0202 0201 0101 0101 0201 0101 0101 0102 0102 0101 0202 0201 0101 0102 0202 0201 0202 0101 0101 0101 0201 0101 0102 0201 0201 0202 0202 0102 0101 0202 0101 0101 0202 0101 0101 0101 0202 0102 0201 0101 0201 0201 0202 0202 0202 0102 0202 0201
Default 01_2019_2206 , 0201 0101 0201 0101 0101 0101 0101 0102 0202 0201 0101 0101 0102 0102 0101 0102 0202 0201 0202 0101 0202 0202 0202 0202 0102 0102 0101 0201 0102 0102 0102 0102 0202 0201 0101 0101 0202 0101 0101 0102 0102 0102 0202 0202 0102 0102 0201 0201 0202 0102 0101 0101 0201 0201 0102 0201 0201 0202 0202 0102 0101 0201 0101 0101 0202 0101 0101 0102 0201 0101 0201 0102 0201 0202 0202 0202 0201 0101 0202 0201
Default 01_2019_2207 , 0101 0101 0201 0201 0000 0102 0101 0102 0202 0202 0000 0201 0102 0101 0102 0202 0201 0000 0202 0101 0202 0202 0202 0202 0102 0202 0000 0000 0102 0101 0000 0101 0202 0201 0101 0101 0201 0101 0101 0202 0102 0202 0202 0202 0000 0102 0101 0202 0202 0102 0000 0000 0101 0000 0102 0101 0201 0202 0000 0102 0101 0101 0000 0101 0202 0000 0101 0101 0101 0102 0201 0102 0201 0201 0000 0201 0000 0101 0201 0202
Default 01_2019_2208 , 0101 0101 0201 0201 0000 0202 0101 0101 0201 0202 0101 0201 0102 0101 0202 0202 0000 0000 0000 0101 0202 0202 0201 0000 0102 0101 0101 0201 0000 0101 0000 0101 0202 0201 0101 0000 0202 0101 0000 0202 0102 0102 0102 0202 0102 0102 0101 0202 0202 0102 0102 0101 0101 0202 0202 0101 0202 0202 0202 0202 0101 0101 0101 0101 0202 0101 0101 0102 0101 0101 0202 0202 0201 0202 0201 0201 0202 0101 0201 0101
Default 01_2019_2209 , 0101 0101 0201 0201 0101 0202 0101 0202 0202 0202 0101 0202 0102 0101 0102 0202 0102 0101 0202 0101 0202 0102 0202 0202 0102 0202 0101 0202 0101 0102 0101 0101 0202 0201 0101 0202 0101 0101 0101 0202 0101 0102 0202 0202 0202 0202 0101 0202 0202 0101 0102 0101 0101 0202 0202 0101 0202 0202 0202 0202 0101 0101 0101 0101 0202 0101 0101 0102 0101 0101 0202 0102 0202 0202 0101 0101 0202 0101 0202 0101
Default 01_2019_2210 , 0101 0101 0101 0201 0101 0101 0101 0101 0202 0202 0101 0101 0202 0101 0102 0202 0101 0101 0202 0101 0202 0202 0202 0202 0102 0101 0101 0201 0202 0102 0101 0101 0202 0201 0101 0102 0101 0101 0102 0202 0101 0202 0102 0202 0102 0202 0101 0202 0202 0102 0102 0101 0101 0202 0202 0101 0202 0202 0202 0101 0101 0101 0101 0101 0202 0101 0101 0102 0101 0101 0201 0102 0202 0202 0101 0201 0201 0101 0101 0202
Default 01_2019_2212 , 0101 0101 0101 0202 0101 0202 0101 0101 0101 0202 0000 0101 0202 0102 0101 0101 0202 0202 0202 0101 0202 0202 0101 0202 0202 0202 0101 0202 0101 0101 0202 0102 0202 0101 0101 0101 0201 0101 0101 0101 0101 0101 0202 0202 0101 0102 0202 0202 0202 0101 0101 0101 0101 0101 0102 0101 0201 0202 0202 0101 0101 0202 0101 0101 0202 0101 0101 0101 0202 0102 0201 0101 0201 0201 0202 0202 0202 0102 0202 0202
Default 01_2019_2213 , 0101 0101 0201 0101 0101 0102 0101 0102 0202 0202 0101 0201 0102 0101 0202 0202 0101 0101 0202 0101 0202 0202 0202 0202 0102 0102 0101 0201 0101 0102 0101 0101 0202 0201 0101 0102 0201 0101 0102 0202 0101 0102 0102 0202 0102 0202 0101 0202 0202 0102 0202 0101 0101 0202 0202 0101 0202 0202 0202 0202 0101 0101 0101 0101 0202 0101 0101 0101 0101 0101 0201 0202 0202 0202 0202 0101 0101 0101 0201 0201
Default 01_2019_2214 , 0101 0101 0201 0202 0000 0102 0101 0102 0202 0202 0101 0201 0102 0101 0101 0202 0201 0000 0202 0101 0202 0102 0202 0202 0101 0102 0101 0201 0202 0102 0101 0101 0202 0201 0101 0202 0201 0101 0102 0202 0101 0102 0102 0202 0202 0000 0101 0202 0202 0101 0202 0101 0101 0202 0202 0101 0202 0202 0000 0102 0101 0101 0101 0101 0202 0101 0101 0101 0101 0101 0201 0101 0201 0202 0202 0201 0201 0101 0201 0202
Default 01_2019_2215 , 0101 0101 0201 0201 0101 0102 0101 0102 0202 0202 0101 0201 0102 0101 0102 0202 0201 0101 0202 0101 0202 0102 0202 0202 0102 0102 0101 0201 0102 0102 0101 0101 0202 0201 0101 0102 0201 0101 0102 0202 0101 0102 0102 0202 0102 0202 0101 0202 0202 0102 0102 0101 0101 0202 0202 0101 0202 0202 0202 0102 0101 0101 0101 0101 0202 0101 0101 0102 0101 0101 0201 0102 0201 0202 0201 0201 0201 0101 0201 0201
Default 01_2019_2217 , 0101 0101 0201 0101 0101 0102 0101 0102 0202 0202 0101 0101 0102 0101 0101 0202 0102 0101 0202 0101 0202 0102 0202 0202 0102 0102 0101 0202 0202 0202 0101 0101 0202 0201 0101 0102 0202 0000 0101 0202 0101 0102 0202 0202 0202 0202 0101 0202 0202 0102 0102 0101 0101 0202 0202 0101 0202 0202 0202 0102 0101 0101 0101 0101 0202 0101 0101 0102 0101 0101 0202 0202 0101 0202 0202 0201 0101 0101 0201 0101
Default 01_2019_2218 , 0101 0101 0101 0202 0101 0102 0101 0102 0101 0201 0202 0201 0102 0102 0102 0101 0202 0202 0202 0102 0101 0101 0101 0101 0202 0202 0201 0202 0101 0101 0202 0102 0202 0202 0101 0102 0201 0202 0101 0102 0101 0102 0102 0201 0101 0102 0202 0201 0202 0102 0202 0102 0201 0202 0101 0201 0202 0202 0101 0102 0101 0202 0202 0101 0201 0101 0101 0101 0201 0101 0101 0202 0201 0201 0201 0202 0101 0102 0202 0201
Default 01_2019_2219 , 0101 0201 0101 0201 0201 0101 0201 0101 0101 0201 0102 0202 0101 0102 0101 0102 0102 0202 0201 0101 0202 0101 0201 0202 0102 0101 0101 0202 0102 0101 0101 0101 0202 0201 0101 0202 0201 0202 0102 0102 0102 0202 0102 0201 0101 0102 0202 0201 0202 0102 0101 0102 0202 0101 0102 0202 0202 0202 0101 0202 0202 0101 0101 0101 0202 0101 0101 0101 0201 0101 0201 0102 0201 0202 0202 0202 0201 0101 0202 0201
Default 01_2019_2220 , 0202 0101 0201 0202 0202 0101 0202 0101 0201 0202 0000 0202 0101 0102 0101 0101 0201 0202 0201 0101 0202 0101 0202 0202 0101 0101 0101 0202 0101 0101 0102 0202 0202 0202 0101 0101 0202 0202 0102 0102 0101 0102 0101 0101 0101 0101 0202 0202 0202 0101 0101 0102 0201 0202 0101 0101 0101 0202 0202 0101 0101 0202 0202 0102 0202 0101 0101 0101 0101 0101 0202 0101 0202 0202 0202 0202 0201 0101 0201 0101
Default 01_2019_2221 , 0201 0201 0201 0201 0201 0202 0201 0202 0201 0202 0101 0202 0101 0202 0101 0102 0102 0201 0201 0102 0202 0102 0201 0202 0102 0202 0101 0202 0101 0202 0101 0202 0202 0202 0102 0202 0101 0000 0101 0101 0202 0102 0102 0201 0101 0202 0202 0202 0101 0101 0102 0101 0201 0202 0102 0201 0102 0101 0202 0202 0102 0101 0201 0102 0202 0101 0101 0101 0201 0102 0202 0101 0201 0202 0101 0202 0201 0202 0202 0101
Default 01_2019_2222 , 0101 0101 0201 0201 0101 0101 0101 0202 0202 0202 0000 0202 0102 0101 0202 0202 0100 0101 0202 0101 0101 0102 0202 0202 0202 0202 0101 0201 0101 0101 0101 0101 0202 0202 0101 0102 0201 0101 0102 0202 0101 0102 0102 0202 0102 0202 0101 0202 0202 0102 0101 0101 0101 0202 0202 0101 0202 0202 0202 0101 0101 0101 0101 0101 0202 0101 0101 0202 0101 0101 0202 0102 0201 0202 0202 0201 0101 0101 0201 0101
Default 01_2019_2223 , 0101 0101 0201 0201 0101 0202 0101 0102 0202 0202 0101 0101 0202 0101 0102 0202 0002 0101 0202 0101 0101 0101 0202 0202 0102 0101 0101 0101 0102 0102 0101 0101 0202 0202 0101 0102 0202 0101 0202 0202 0101 0202 0101 0202 0101 0202 0101 0202 0202 0102 0102 0101 0101 0202 0202 0101 0202 0202 0202 0202 0101 0101 0101 0101 0202 0101 0101 0101 0101 0101 0201 0102 0101 0202 0201 0201 0202 0101 0101 0201
Default 01_2019_2224 , 0101 0101 0201 0201 0101 0102 0101 0202 0202 0202 0101 0201 0101 0101 0101 0202 0102 0101 0202 0101 0202 0202 0202 0202 0102 0102 0101 0201 0101 0102 0101 0101 0202 0201 0101 0102 0202 0101 0202 0202 0101 0101 0101 0202 0101 0202 0101 0202 0202 0102 0101 0101 0101 0202 0202 0101 0202 0202 0202 0102 0101 0101 0101 0101 0202 0101 0101 0102 0101 0101 0101 0102 0201 0202 0201 0201 0201 0101 0201 0201
Default 01_2019_2225 , 0101 0101 0201 0201 0101 0102 0101 0102 0202 0202 0000 0201 0102 0101 0202 0202 0102 0101 0202 0101 0202 0102 0202 0202 0101 0102 0101 0201 0102 0102 0101 0101 0202 0201 0101 0101 0201 0101 0101 0202 0101 0102 0202 0202 0102 0202 0101 0202 0202 0202 0102 0101 0101 0202 0202 0101 0202 0202 0202 0102 0101 0101 0101 0101 0202 0101 0101 0102 0101 0101 0202 0102 0202 0202 0101 0201 0202 0101 0202 0202
Default 01_2019_2226 , 0101 0101 0101 0202 0101 0202 0101 0102 0101 0201 0202 0101 0102 0101 0102 0101 0202 0202 0202 0202 0101 0101 0101 0202 0202 0202 0201 0202 0101 0101 0202 0102 0202 0202 0101 0102 0202 0202 0101 0102 0101 0102 0202 0101 0101 0202 0202 0201 0202 0102 0202 0101 0101 0202 0101 0101 0202 0202 0101 0202 0101 0202 0202 0101 0202 0101 0101 0101 0202 0101 0101 0202 0201 0201 0202 0202 0101 0102 0202 0101
Default 01_2019_2227 , 0201 0201 0101 0101 0201 0101 0201 0101 0201 0202 0102 0202 0102 0102 0101 0102 0202 0201 0202 0101 0202 0101 0202 0202 0202 0102 0201 0202 0101 0202 0101 0101 0202 0202 0101 0102 0101 0101 0101 0102 0101 0102 0102 0201 0101 0102 0202 0201 0201 0101 0101 0101 0201 0202 0102 0201 0202 0202 0202 0101 0101 0101 0101 0101 0202 0101 0101 0101 0201 0202 0201 0202 0101 0201 0201 0202 0201 0101 0201 0101
Default 01_2019_2228 , 0202 0202 0101 0202 0202 0102 0202 0101 0201 0202 0101 0202 0101 0102 0101 0101 0202 0202 0201 0101 0202 0101 0202 0202 0101 0101 0202 0202 0101 0101 0101 0101 0202 0202 0101 0101 0201 0202 0202 0102 0101 0102 0101 0201 0101 0101 0202 0202 0202 0101 0101 0102 0101 0202 0101 0202 0202 0202 0202 0101 0101 0202 0202 0101 0202 0101 0101 0101 0201 0101 0201 0101 0202 0202 0202 0202 0101 0101 0201 0201
Default 01_2019_2229 , 0101 0101 0101 0202 0101 0102 0101 0102 0101 0201 0202 0201 0102 0102 0102 0101 0201 0202 0202 0102 0101 0101 0101 0101 0202 0202 0201 0202 0101 0101 0202 0102 0202 0202 0101 0102 0201 0202 0101 0102 0101 0102 0102 0201 0101 0202 0202 0102 0202 0102 0202 0102 0201 0202 0101 0101 0202 0202 0101 0102 0101 0202 0202 0101 0201 0101 0101 0101 0201 0101 0101 0202 0201 0201 0201 0201 0101 0102 0202 0201
Default 01_2019_2230 , 0101 0101 0101 0202 0101 0202 0101 0102 0101 0201 0202 0101 0102 0101 0102 0101 0202 0202 0202 0202 0101 0101 0101 0202 0202 0202 0201 0202 0101 0101 0202 0102 0202 0202 0101 0102 0202 0202 0101 0102 0101 0102 0202 0101 0101 0202 0202 0201 0202 0102 0202 0101 0101 0202 0101 0101 0202 0202 0101 0202 0101 0202 0202 0101 0202 0101 0101 0101 0202 0101 0101 0202 0201 0201 0202 0202 0101 0102 0202 0101
Default 01_2019_2231 , 0101 0201 0101 0202 0201 0102 0201 0101 0201 0202 0202 0202 0101 0102 0101 0102 0202 0202 0202 0102 0202 0101 0201 0202 0102 0102 0201 0202 0101 0101 0102 0102 0202 0202 0102 0102 0201 0202 0101 0202 0101 0102 0202 0101 0102 0102 0202 0201 0202 0101 0102 0102 0201 0201 0101 0201 0202 0202 0201 0102 0101 0201 0201 0101 0202 0101 0101 0101 0201 0102 0201 0202 0202 0201 0201 0101 0201 0202 0201 0101
Default 01_2019_2232 , 0101 0201 0201 0202 0201 0101 0101 0101 0201 0202 0202 0202 0102 0101 0102 0101 0202 0202 0202 0101 0202 0101 0201 0101 0202 0102 0101 0202 0101 0101 0202 0102 0202 0202 0101 0101 0201 0202 0101 0202 0101 0101 0102 0201 0102 0202 0202 0101 0202 0202 0102 0102 0201 0201 0101 0101 0202 0202 0201 0101 0101 0201 0202 0101 0202 0102 0101 0102 0201 0101 0101 0202 0201 0201 0201 0201 0101 0202 0201 0101
Default 01_2019_2233 , 0201 0201 0101 0201 0201 0101 0202 0101 0201 0000 0102 0201 0202 0202 0101 0101 0202 0101 0202 0101 0201 0101 0201 0201 0202 0102 0202 0202 0101 0101 0102 0102 0202 0201 0102 0101 0101 0202 0101 0101 0101 0101 0202 0202 0101 0201 0202 0202 0202 0101 0202 0101 0202 0202 0101 0102 0102 0202 0201 0101 0101 0201 0201 0101 0201 0101 0102 0101 0101 0102 0201 0202 0201 0201 0201 0102 0101 0102 0202 0201
Default 01_2019_2234 , 0201 0201 0201 0201 0201 0102 0201 0101 0202 0202 0202 0201 0102 0102 0102 0102 0202 0201 0202 0101 0102 0201 0202 0101 0101 0102 0201 0202 0101 0102 0101 0101 0202 0101 0102 0101 0202 0202 0102 0102 0102 0101 0102 0202 0101 0202 0201 0102 0101 0102 0202 0101 0201 0201 0101 0202 0202 0201 0201 0102 0101 0202 0101 0201 0202 0101 0101 0102 0101 0202 0101 0202 0201 0101 0101 0201 0201 0101 0202 0201
Default 01_2019_2235 , 0101 0202 0101 0201 0201 0102 0202 0101 0101 0202 0102 0101 0202 0102 0101 0102 0202 0201 0101 0102 0201 0102 0201 0101 0102 0102 0201 0202 0101 0102 0202 0102 0202 0201 0101 0102 0201 0202 0101 0101 0101 0101 0202 0202 0102 0101 0101 0101 0202 0102 0202 0101 0201 0202 0101 0202 0101 0202 0101 0202 0101 0202 0101 0202 0202 0101 0101 0101 0201 0102 0101 0202 0101 0202 0202 0102 0101 0102 0202 0202
Default 01_2019_2236 , 0101 0201 0101 0101 0201 0101 0202 0101 0101 0202 0102 0202 0202 0102 0101 0102 0202 0202 0101 0202 0101 0101 0101 0201 0102 0102 0202 0202 0101 0102 0102 0102 0202 0202 0101 0101 0101 0202 0101 0101 0101 0101 0102 0202 0202 0201 0201 0101 0202 0102 0202 0102 0201 0201 0101 0102 0101 0202 0101 0101 0101 0201 0201 0201 0201 0101 0101 0101 0101 0102 0101 0202 0202 0202 0201 0101 0101 0101 0202 0202
Default 01_2019_2237 , 0101 0201 0101 0101 0101 0101 0202 0101 0101 0202 0102 0202 0202 0202 0101 0102 0202 0202 0101 0202 0101 0101 0101 0101 0102 0101 0202 0202 0101 0202 0101 0101 0202 0202 0101 0101 0101 0202 0101 0101 0101 0101 0102 0202 0202 0201 0201 0102 0202 0102 0202 0102 0201 0201 0101 0102 0101 0202 0101 0101 0101 0101 0202 0101 0101 0101 0101 0101 0101 0102 0101 0202 0202 0202 0201 0101 0101 0101 0202 0202
Default 01_2019_2238 , 0101 0101 0101 0101 0201 0101 0202 0101 0101 0202 0102 0202 0202 0101 0101 0101 0202 0202 0101 0202 0101 0101 0101 0201 0102 0102 0202 0202 0101 0102 0102 0102 0202 0202 0101 0101 0101 0202 0101 0101 0101 0101 0102 0202 0202 0201 0202 0102 0202 0101 0202 0102 0201 0201 0101 0202 0101 0202 0101 0101 0101 0202 0101 0201 0201 0101 0101 0101 0101 0102 0101 0202 0202 0202 0202 0101 0101 0101 0202 0202
Default 01_2019_2239 , 0101 0201 0101 0101 0201 0101 0202 0101 0101 0202 0102 0202 0202 0102 0101 0102 0202 0202 0101 0202 0102 0101 0101 0201 0102 0102 0202 0202 0101 0102 0102 0202 0202 0202 0101 0101 0101 0202 0101 0101 0101 0101 0102 0202 0202 0201 0201 0102 0202 0102 0201 0102 0201 0201 0101 0102 0102 0202 0101 0101 0101 0201 0201 0201 0201 0101 0101 0101 0101 0102 0101 0202 0202 0202 0101 0101 0101 0101 0202 0202
Default 01_2019_2240 , 0201 0202 0101 0202 0101 0102 0201 0102 0201 0202 0101 0201 0202 0102 0101 0102 0202 0201 0201 0202 0202 0101 0201 0101 0101 0102 0201 0202 0101 0102 0102 0102 0202 0202 0101 0102 0202 0201 0101 0102 0101 0101 0202 0202 0102 0201 0101 0202 0202 0102 0202 0101 0202 0201 0101 0202 0102 0202 0201 0102 0102 0202 0101 0101 0202 0101 0101 0102 0201 0101 0202 0202 0201 0201 0202 0202 0201 0202 0202 0201
Default 01_2019_2241 , 0101 0201 0101 0201 0201 0101 0201 0101 0101 0201 0102 0202 0101 0102 0101 0102 0102 0202 0201 0101 0201 0101 0201 0202 0102 0101 0101 0202 0102 0101 0101 0101 0202 0201 0101 0202 0201 0202 0102 0102 0102 0202 0102 0201 0101 0201 0202 0102 0202 0102 0101 0102 0202 0101 0102 0202 0202 0202 0101 0202 0202 0101 0101 0101 0202 0101 0101 0101 0201 0101 0201 0202 0201 0202 0202 0202 0201 0101 0202 0201
Default 01_2019_2242 , 0201 0201 0101 0101 0201 0101 0201 0101 0201 0202 0102 0202 0102 0102 0101 0102 0202 0201 0202 0101 0201 0101 0202 0202 0202 0102 0201 0202 0101 0202 0101 0101 0202 0202 0101 0102 0101 0101 0101 0102 0101 0102 0102 0201 0101 0201 0202 0102 0201 0101 0101 0101 0201 0202 0102 0102 0202 0202 0202 0101 0101 0101 0101 0101 0202 0101 0101 0101 0201 0202 0201 0202 0101 0201 0201 0202 0201 0101 0201 0101
Default 01_2019_2243 , 0201 0101 0101 0101 0202 0101 0201 0101 0201 0202 0102 0202 0102 0101 0101 0101 0202 0201 0202 0101 0102 0102 0202 0202 0202 0202 0101 0202 0101 0202 0101 0101 0202 0202 0101 0102 0101 0101 0101 0102 0101 0102 0102 0201 0101 0201 0202 0202 0101 0101 0101 0101 0201 0202 0101 0202 0202 0202 0202 0101 0101 0101 0101 0101 0202 0101 0101 0101 0201 0202 0201 0201 0101 0201 0201 0202 0201 0101 0201 0101
Default 01_2019_2244 , 0101 0201 0101 0202 0201 0101 0101 0101 0101 0101 0202 0202 0102 0102 0101 0102 0202 0202 0202 0101 0202 0202 0202 0202 0102 0102 0101 0202 0101 0101 0101 0101 0201 0201 0101 0101 0201 0202 0101 0102 0102 0202 0102 0101 0101 0201 0201 0202 0202 0101 0201 0102 0202 0201 0102 0102 0202 0101 0201 0101 0102 0201 0101 0101 0202 0101 0102 0202 0201 0102 0101 0101 0202 0202 0202 0202 0101 0101 0201 0201
Default 01_2019_2245 , 0101 0201 0101 0202 0201 0101 0101 0101 0101 0101 0202 0202 0102 0102 0101 0102 0202 0202 0202 0101 0202 0201 0202 0202 0102 0102 0101 0202 0101 0101 0101 0101 0201 0201 0101 0101 0201 0202 0101 0102 0102 0202 0102 0101 0101 0201 0201 0202 0202 0101 0201 0102 0202 0201 0102 0102 0202 0101 0201 0101 0102 0201 0101 0101 0202 0101 0102 0202 0201 0102 0101 0101 0202 0202 0202 0202 0101 0101 0201 0201
Default 01_2019_2246 , 0202 0201 0201 0202 0202 0102 0202 0101 0201 0202 0101 0202 0101 0102 0101 0101 0202 0202 0201 0101 0202 0101 0202 0202 0101 0101 0202 0202 0101 0101 0102 0102 0202 0202 0101 0101 0201 0202 0102 0102 0101 0102 0101 0201 0101 0101 0202 0202 0202 0101 0101 0102 0201 0202 0101 0201 0201 0201 0202 0101 0101 0202 0202 0102 0202 0101 0101 0101 0201 0101 0201 0101 0202 0202 0202 0202 0201 0101 0201 0201
Default 01_2019_2247 , 0202 0101 0201 0202 0202 0102 0202 0101 0202 0202 0101 0202 0101 0101 0101 0101 0202 0202 0101 0101 0101 0101 0202 0202 0101 0101 0101 0202 0101 0101 0102 0202 0202 0202 0101 0101 0202 0202 0202 0102 0101 0202 0101 0201 0101 0101 0202 0202 0202 0101 0101 0102 0202 0202 0101 0101 0101 0201 0202 0101 0101 0202 0202 0202 0202 0101 0101 0101 0202 0101 0201 0101 0202 0202 0202 0202 0201 0101 0202 0202
Default 01_2019_2248 , 0202 0101 0202 0202 0202 0101 0202 0101 0201 0202 0101 0202 0101 0102 0101 0101 0202 0202 0201 0101 0202 0101 0202 0202 0101 0101 0101 0202 0101 0101 0202 0102 0202 0202 0101 0101 0101 0202 0102 0102 0101 0102 0101 0101 0101 0101 0202 0202 0202 0101 0101 0102 0201 0202 0101 0201 0201 0201 0202 0101 0101 0202 0202 0202 0202 0101 0101 0101 0202 0101 0101 0101 0202 0202 0202 0202 0201 0101 0201 0202
Default 01_2019_2249 , 0202 0201 0101 0202 0202 0101 0202 0101 0202 0202 0000 0202 0101 0102 0101 0101 0202 0202 0202 0101 0202 0101 0202 0202 0101 0101 0202 0202 0101 0101 0202 0101 0202 0202 0101 0101 0201 0202 0102 0102 0101 0101 0101 0201 0101 0101 0202 0202 0202 0101 0101 0101 0202 0202 0101 0201 0201 0201 0202 0101 0101 0202 0202 0202 0202 0101 0101 0101 0202 0101 0201 0101 0202 0202 0202 0202 0101 0101 0201 0202
Default 01_2019_2250 , 0202 0101 0201 0202 0202 0202 0202 0101 0101 0202 0000 0202 0101 0101 0101 0101 0202 0202 0201 0101 0202 0101 0202 0202 0101 0101 0202 0202 0101 0101 0202 0101 0202 0202 0101 0101 0101 0202 0102 0102 0101 0102 0101 0201 0101 0101 0202 0202 0202 0101 0101 0102 0101 0202 0101 0201 0201 0101 0202 0101 0101 0202 0202 0102 0202 0101 0101 0101 0201 0101 0202 0101 0202 0202 0202 0202 0201 0101 0201 0201
Default 01_2019_2251 , 0202 0201 0101 0202 0202 0202 0202 0101 0101 0202 0101 0202 0101 0102 0101 0101 0202 0202 0201 0101 0202 0101 0202 0202 0101 0101 0000 0202 0101 0101 0102 0102 0202 0202 0101 0101 0202 0202 0101 0101 0101 0102 0101 0202 0101 0101 0202 0202 0202 0101 0101 0102 0201 0202 0101 0201 0201 0202 0202 0101 0101 0202 0202 0102 0202 0101 0101 0101 0101 0101 0201 0101 0202 0202 0202 0202 0101 0101 0101 0101
Default 01_2019_2252 , 0202 0202 0202 0202 0202 0102 0202 0101 0201 0202 0101 0202 0101 0102 0101 0101 0202 0202 0202 0101 0202 0101 0202 0202 0101 0101 0202 0202 0101 0101 0102 0202 0202 0202 0101 0101 0201 0202 0101 0102 0101 0101 0101 0101 0101 0101 0202 0202 0202 0101 0101 0102 0201 0202 0101 0201 0101 0201 0202 0101 0101 0202 0202 0102 0202 0101 0101 0101 0101 0101 0201 0101 0202 0202 0202 0202 0201 0101 0201 0101
Default 01_2019_2253 , 0202 0101 0201 0202 0202 0101 0202 0101 0201 0202 0000 0202 0101 0102 0101 0101 0202 0202 0201 0101 0202 0101 0202 0202 0101 0101 0101 0202 0101 0101 0102 0202 0202 0202 0101 0101 0202 0202 0102 0102 0101 0102 0101 0101 0101 0101 0202 0202 0202 0101 0101 0102 0201 0202 0101 0101 0101 0202 0202 0101 0101 0202 0202 0102 0202 0101 0101 0101 0101 0101 0202 0101 0202 0202 0202 0202 0201 0101 0201 0101
Default 01_2019_2254 , 0202 0202 0101 0202 0202 0102 0202 0101 0201 0202 0101 0202 0101 0102 0101 0101 0202 0202 0201 0101 0202 0101 0202 0202 0101 0101 0202 0202 0101 0101 0101 0101 0202 0202 0101 0101 0201 0202 0202 0102 0101 0102 0101 0201 0101 0101 0202 0202 0202 0101 0101 0102 0101 0202 0101 0202 0202 0202 0202 0101 0101 0202 0202 0101 0202 0101 0101 0101 0201 0101 0201 0101 0202 0202 0202 0202 0101 0101 0201 0201
Default 01_2019_2255 , 0202 0202 0101 0202 0202 0102 0202 0101 0201 0202 0000 0202 0101 0102 0101 0101 0202 0202 0201 0101 0202 0101 0202 0202 0101 0101 0101 0202 0101 0101 0202 0102 0202 0202 0101 0101 0201 0202 0102 0102 0101 0102 0101 0101 0101 0101 0202 0202 0202 0101 0101 0101 0202 0202 0101 0101 0101 0202 0202 0101 0101 0202 0202 0202 0202 0101 0101 0101 0201 0101 0201 0101 0202 0202 0202 0202 0202 0101 0101 0201
Default 01_2019_2256 , 0202 0101 0201 0202 0202 0101 0202 0101 0202 0202 0101 0202 0101 0102 0101 0101 0202 0202 0202 0101 0101 0101 0202 0202 0101 0101 0101 0202 0101 0101 0202 0101 0202 0202 0101 0101 0202 0202 0202 0102 0101 0102 0101 0201 0101 0101 0202 0202 0202 0101 0101 0102 0201 0202 0101 0101 0201 0201 0202 0101 0101 0202 0202 0102 0202 0101 0101 0101 0101 0101 0202 0101 0202 0202 0202 0202 0202 0101 0201 0101
Default 01_2019_2257 , 0202 0201 0101 0202 0202 0202 0202 0101 0202 0202 0101 0202 0101 0102 0101 0101 0202 0202 0101 0101 0101 0101 0202 0202 0101 0101 0101 0202 0101 0101 0202 0102 0202 0202 0101 0101 0202 0202 0202 0102 0101 0102 0101 0201 0101 0101 0202 0202 0202 0101 0101 0102 0201 0202 0101 0101 0101 0202 0202 0101 0101 0202 0202 0202 0202 0101 0101 0101 0201 0101 0201 0101 0202 0202 0202 0202 0101 0101 0201 0201
Default 01_2019_2258 , 0202 0201 0101 0202 0101 0101 0201 0101 0201 0202 0102 0202 0202 0102 0101 0101 0202 0202 0202 0101 0202 0102 0101 0202 0101 0101 0101 0202 0101 0101 0202 0101 0101 0101 0101 0101 0101 0101 0101 0102 0102 0202 0101 0202 0102 0202 0202 0201 0202 0102 0102 0102 0201 0201 0202 0202 0202 0202 0202 0102 0101 0201 0201 0101 0201 0101 0101 0101 0201 0102 0101 0101 0202 0202 0202 0201 0202 0102 0201 0201
Default 01_2019_2259 , 0202 0101 0101 0101 0101 0102 0202 0101 0202 0202 0102 0101 0102 0102 0101 0102 0202 0202 0201 0101 0102 0101 0201 0202 0102 0101 0101 0202 0101 0202 0202 0101 0202 0101 0102 0102 0201 0201 0101 0101 0101 0102 0102 0202 0101 0201 0101 0202 0202 0101 0201 0102 0201 0202 0202 0102 0102 0202 0101 0102 0101 0201 0201 0101 0101 0202 0101 0101 0201 0102 0201 0201 0202 0201 0101 0202 0101 0101 0101 0202
Default 01_2019_2260 , 0202 0202 0101 0202 0101 0101 0201 0101 0202 0202 0102 0000 0202 0102 0101 0101 0202 0202 0202 0101 0202 0101 0101 0202 0202 0101 0101 0202 0101 0101 0202 0101 0101 0101 0101 0101 0101 0101 0101 0202 0102 0202 0101 0202 0102 0202 0202 0201 0202 0101 0202 0102 0201 0201 0202 0202 0202 0202 0202 0102 0101 0201 0201 0101 0201 0101 0101 0101 0202 0102 0101 0101 0202 0202 0202 0202 0202 0102 0201 0101
Default 01_2019_2261 , 0202 0201 0101 0202 0101 0101 0201 0101 0201 0202 0102 0202 0202 0102 0101 0101 0202 0202 0202 0101 0202 0102 0101 0202 0202 0101 0101 0202 0101 0101 0202 0101 0101 0101 0101 0101 0101 0101 0101 0102 0102 0202 0000 0202 0102 0202 0202 0202 0202 0102 0102 0102 0202 0202 0202 0202 0202 0202 0202 0101 0101 0201 0101 0101 0101 0101 0101 0101 0201 0101 0101 0101 0202 0202 0202 0201 0202 0101 0202 0201
Default 01_2019_2262 , 0201 0202 0201 0202 0101 0101 0201 0101 0101 0201 0102 0201 0102 0101 0102 0102 0202 0202 0202 0101 0202 0201 0202 0202 0101 0101 0201 0201 0101 0101 0202 0101 0101 0201 0101 0101 0201 0201 0101 0101 0101 0202 0202 0201 0101 0202 0202 0202 0202 0102 0101 0102 0201 0201 0102 0202 0202 0202 0101 0202 0102 0201 0101 0101 0101 0101 0101 0101 0101 0101 0201 0102 0201 0201 0202 0102 0201 0101 0202 0101
Default 01_2019_2263 , 0201 0201 0101 0201 0101 0101 0201 0101 0201 0201 0101 0201 0102 0102 0102 0102 0102 0101 0202 0101 0201 0201 0202 0201 0102 0101 0101 0202 0101 0101 0102 0101 0202 0101 0102 0102 0201 0202 0101 0101 0101 0102 0202 0201 0102 0201 0201 0101 0202 0101 0201 0102 0101 0101 0102 0202 0202 0202 0201 0101 0101 0201 0201 0101 0202 0101 0101 0102 0201 0202 0201 0201 0201 0201 0201 0202 0202 0101 0201 0101
Default 01_2019_2264 , 0101 0202 0101 0101 0101 0101 0201 0101 0202 0202 0102 0202 0102 0102 0202 0101 0102 0201 0201 0101 0202 0201 0202 0202 0102 0102 0202 0202 0102 0101 0102 0202 0201 0101 0101 0101 0101 0202 0101 0102 0102 0101 0202 0101 0102 0101 0202 0102 0202 0101 0101 0101 0101 0201 0101 0102 0202 0202 0201 0101 0101 0101 0101 0101 0201 0101 0101 0102 0201 0202 0201 0201 0202 0202 0201 0102 0201 0202 0101 0101
Default 01_2019_2265 , 0201 0201 0201 0201 0201 0202 0201 0202 0201 0202 0101 0202 0101 0202 0101 0102 0101 0201 0201 0102 0202 0102 0201 0202 0102 0202 0101 0202 0101 0202 0101 0202 0202 0202 0102 0202 0101 0101 0101 0101 0202 0102 0102 0201 0101 0202 0202 0202 0101 0101 0102 0101 0201 0202 0102 0201 0201 0101 0201 0202 0102 0101 0201 0102 0202 0101 0101 0101 0201 0102 0202 0101 0201 0202 0101 0202 0201 0202 0202 0101
Default 01_2019_2266 , 0101 0201 0201 0201 0201 0102 0201 0102 0201 0201 0101 0202 0101 0102 0102 0101 0102 0201 0101 0101 0102 0101 0201 0202 0101 0202 0101 0202 0101 0101 0102 0101 0202 0201 0101 0102 0101 0202 0101 0102 0102 0101 0102 0201 0102 0201 0201 0101 0202 0102 0101 0102 0201 0201 0102 0202 0102 0201 0201 0202 0102 0201 0101 0201 0202 0102 0101 0102 0201 0202 0201 0202 0201 0201 0201 0202 0101 0101 0202 0101
Default 01_2019_2267 , 0201 0101 0201 0201 0201 0202 0201 0202 0201 0202 0101 0202 0101 0202 0101 0102 0101 0202 0101 0102 0202 0102 0201 0202 0102 0202 0101 0202 0101 0202 0101 0202 0202 0202 0101 0202 0101 0000 0101 0101 0202 0202 0202 0202 0101 0202 0202 0202 0101 0101 0102 0101 0202 0202 0101 0201 0101 0101 0202 0202 0102 0101 0202 0102 0202 0101 0101 0101 0101 0101 0202 0101 0201 0202 0101 0202 0101 0202 0202 0101
Default 01_2019_2268 , 0101 0101 0101 0202 0201 0202 0101 0202 0201 0202 0101 0202 0101 0202 0101 0102 0101 0101 0201 0102 0202 0102 0101 0202 0202 0202 0101 0202 0101 0202 0101 0202 0202 0202 0202 0202 0101 0101 0101 0101 0202 0102 0102 0202 0101 0202 0202 0202 0101 0101 0102 0101 0201 0202 0101 0201 0202 0101 0201 0202 0102 0101 0201 0102 0202 0101 0101 0101 0101 0202 0202 0101 0201 0202 0101 0202 0201 0202 0202 0101
Default 01_2019_2269 , 0101 0201 0201 0202 0201 0101 0202 0101 0202 0201 0202 0101 0202 0202 0101 0101 0201 0101 0101 0101 0202 0101 0202 0202 0202 0202 0202 0202 0101 0101 0102 0101 0101 0101 0102 0101 0202 0202 0101 0102 0101 0101 0000 0101 0202 0101 0101 0202 0000 0102 0101 0102 0201 0202 0101 0202 0202 0202 0202 0101 0102 0101 0101 0101 0202 0202 0202 0101 0202 0101 0202 0101 0201 0201 0202 0202 0101 0202 0202 0202
Default 01_2019_2270 , 0201 0201 0101 0201 0201 0101 0201 0101 0101 0101 0202 0201 0102 0101 0102 0101 0102 0201 0202 0101 0202 0101 0201 0201 0101 0101 0101 0202 0101 0101 0101 0101 0202 0202 0101 0102 0202 0202 0102 0102 0101 0101 0202 0202 0101 0201 0202 0102 0202 0102 0201 0101 0201 0201 0101 0102 0202 0202 0201 0101 0102 0201 0201 0201 0202 0101 0101 0101 0201 0101 0201 0201 0201 0101 0202 0102 0202 0101 0202 0000 